Diagram n: 1
0 0 1 3 0
0 0 1 0 3
0 0 0 1 1
0 0 0 0 0
0 0 0 0 0

Diagram n: 2
0 1 0 3 0
0 0 1 0 2
0 0 0 1 2
0 0 0 0 0
0 0 0 0 0

Diagram n: 3
0 0 0 3 1
0 0 2 0 2
0 0 0 1 1
0 0 0 0 0
0 0 0 0 0

Diagram n: 4
0 3 1 0 0
0 0 0 0 1
0 0 0 2 1
0 0 0 0 2
0 0 0 0 0

Diagram n: 5
0 3 0 1 0
0 0 0 0 1
0 0 0 2 2
0 0 0 0 1
0 0 0 0 0

Diagram n: 6
0 3 0 0 1
0 0 0 0 1
0 0 0 3 1
0 0 0 0 1
0 0 0 0 0

Diagram n: 7
0 3 1 0 0
0 0 1 0 0
0 0 0 1 1
0 0 0 0 3
0 0 0 0 0

Diagram n: 8
0 3 0 1 0
0 0 1 0 0
0 0 0 1 2
0 0 0 0 2
0 0 0 0 0

Diagram n: 9
0 3 0 0 1
0 0 1 0 0
0 0 0 2 1
0 0 0 0 2
0 0 0 0 0

Diagram n: 10
0 0 0 1 3
0 0 3 1 0
0 0 0 1 0
0 0 0 0 1
0 0 0 0 0

Diagram n: 11
0 0 1 0 3
0 0 2 2 0
0 0 0 1 0
0 0 0 0 1
0 0 0 0 0

Diagram n: 12
0 1 0 0 3
0 0 2 1 0
0 0 0 2 0
0 0 0 0 1
0 0 0 0 0

Diagram n: 13
0 1 3 0 0
0 0 0 1 2
0 0 0 1 0
0 0 0 0 2
0 0 0 0 0

Diagram n: 14
0 0 3 1 0
0 0 0 1 3
0 0 0 1 0
0 0 0 0 1
0 0 0 0 0

Diagram n: 15
0 0 3 0 1
0 0 0 2 2
0 0 0 1 0
0 0 0 0 1
0 0 0 0 0

Diagram n: 16
0 1 3 0 0
0 0 1 1 1
0 0 0 0 0
0 0 0 0 3
0 0 0 0 0

Diagram n: 17
0 0 3 1 0
0 0 1 1 2
0 0 0 0 0
0 0 0 0 2
0 0 0 0 0

Diagram n: 18
0 0 3 0 1
0 0 1 2 1
0 0 0 0 0
0 0 0 0 2
0 0 0 0 0

Diagram n: 19
0 1 1 1 1
0 0 0 1 2
0 0 0 2 1
0 0 0 0 0
0 0 0 0 0

Diagram n: 20
0 1 1 1 1
0 0 1 2 0
0 0 0 0 2
0 0 0 0 1
0 0 0 0 0

Diagram n: 21
0 1 1 1 1
0 0 1 1 1
0 0 0 1 1
0 0 0 0 1
0 0 0 0 0

Diagram n: 22
0 1 1 1 1
0 0 2 0 1
0 0 0 1 0
0 0 0 0 2
0 0 0 0 0

Diagram n: 23
0 1 1 1 1
0 0 1 0 2
0 0 0 2 0
0 0 0 0 1
0 0 0 0 0

Diagram n: 24
0 1 1 1 1
0 0 3 0 0
0 0 0 0 0
0 0 0 0 3
0 0 0 0 0

Diagram n: 25
0 0 2 1 1
0 0 0 2 2
0 0 0 1 1
0 0 0 0 0
0 0 0 0 0

Diagram n: 26
0 1 1 0 2
0 0 0 2 1
0 0 0 2 1
0 0 0 0 0
0 0 0 0 0

Diagram n: 27
0 0 1 2 1
0 0 1 1 2
0 0 0 1 1
0 0 0 0 0
0 0 0 0 0

Diagram n: 28
0 1 0 2 1
0 0 1 1 1
0 0 0 1 2
0 0 0 0 0
0 0 0 0 0

Diagram n: 29
0 1 0 2 1
0 0 1 0 2
0 0 0 2 1
0 0 0 0 0
0 0 0 0 0

Diagram n: 30
0 2 1 1 0
0 0 1 1 0
0 0 0 0 2
0 0 0 0 2
0 0 0 0 0

Diagram n: 31
0 0 1 1 2
0 0 2 2 0
0 0 0 0 1
0 0 0 0 1
0 0 0 0 0

Diagram n: 32
0 1 2 0 1
0 0 1 2 0
0 0 0 0 1
0 0 0 0 2
0 0 0 0 0

Diagram n: 33
0 0 1 2 1
0 0 2 1 1
0 0 0 0 1
0 0 0 0 1
0 0 0 0 0

Diagram n: 34
0 1 2 1 0
0 0 1 1 1
0 0 0 0 1
0 0 0 0 2
0 0 0 0 0

Diagram n: 35
0 2 1 1 0
0 0 0 0 2
0 0 0 2 1
0 0 0 0 1
0 0 0 0 0

Diagram n: 36
0 2 0 1 1
0 0 1 0 1
0 0 0 2 1
0 0 0 0 1
0 0 0 0 0

Diagram n: 37
0 1 0 2 1
0 0 2 0 1
0 0 0 1 1
0 0 0 0 1
0 0 0 0 0

Diagram n: 38
0 2 1 1 0
0 0 1 0 1
0 0 0 1 1
0 0 0 0 2
0 0 0 0 0

Diagram n: 39
0 1 1 2 0
0 0 1 0 2
0 0 0 1 1
0 0 0 0 1
0 0 0 0 0

Diagram n: 40
0 1 2 0 1
0 0 0 2 1
0 0 0 1 1
0 0 0 0 1
0 0 0 0 0

Diagram n: 41
0 1 2 1 0
0 0 0 1 2
0 0 0 1 1
0 0 0 0 1
0 0 0 0 0

Diagram n: 42
0 2 1 0 1
0 0 1 1 0
0 0 0 1 1
0 0 0 0 2
0 0 0 0 0

Diagram n: 43
0 1 1 0 2
0 0 1 2 0
0 0 0 1 1
0 0 0 0 1
0 0 0 0 0

Diagram n: 44
0 2 0 1 1
0 0 1 1 0
0 0 0 1 2
0 0 0 0 1
0 0 0 0 0

Diagram n: 45
0 1 0 1 2
0 0 2 1 0
0 0 0 1 1
0 0 0 0 1
0 0 0 0 0

Diagram n: 46
0 2 0 1 1
0 0 2 0 0
0 0 0 1 1
0 0 0 0 2
0 0 0 0 0

Diagram n: 47
0 2 1 0 1
0 0 2 0 0
0 0 0 1 0
0 0 0 0 3
0 0 0 0 0

Diagram n: 48
0 1 0 1 2
0 0 3 0 0
0 0 0 1 0
0 0 0 0 2
0 0 0 0 0

Diagram n: 49
0 1 1 0 2
0 0 2 1 0
0 0 0 1 0
0 0 0 0 2
0 0 0 0 0

Diagram n: 50
0 1 2 0 1
0 0 0 1 2
0 0 0 2 0
0 0 0 0 1
0 0 0 0 0

Diagram n: 51
0 1 1 0 2
0 0 1 1 1
0 0 0 2 0
0 0 0 0 1
0 0 0 0 0

Diagram n: 52
0 1 2 0 1
0 0 1 1 1
0 0 0 1 0
0 0 0 0 2
0 0 0 0 0

Diagram n: 53
0 0 2 1 1
0 0 1 1 2
0 0 0 1 0
0 0 0 0 1
0 0 0 0 0

Diagram n: 54
0 0 1 1 2
0 0 2 1 1
0 0 0 1 0
0 0 0 0 1
0 0 0 0 0

Diagram n: 55
0 1 2 1 0
0 0 1 0 2
0 0 0 1 0
0 0 0 0 2
0 0 0 0 0

Diagram n: 56
0 1 0 1 2
0 0 2 0 1
0 0 0 2 0
0 0 0 0 1
0 0 0 0 0

Diagram n: 57
0 0 1 2 1
0 0 2 0 2
0 0 0 1 0
0 0 0 0 1
0 0 0 0 0

Diagram n: 58
0 2 1 0 1
0 0 1 0 1
0 0 0 2 0
0 0 0 0 2
0 0 0 0 0

Diagram n: 59
0 2 1 0 1
0 0 0 0 2
0 0 0 3 0
0 0 0 0 1
0 0 0 0 0

Diagram n: 60
0 1 2 1 0
0 0 0 0 3
0 0 0 2 0
0 0 0 0 1
0 0 0 0 0

Diagram n: 61
0 0 1 2 1
0 0 3 0 1
0 0 0 0 0
0 0 0 0 2
0 0 0 0 0

Diagram n: 62
0 1 2 1 0
0 0 2 0 1
0 0 0 0 0
0 0 0 0 3
0 0 0 0 0

Diagram n: 63
0 0 2 1 1
0 0 2 1 1
0 0 0 0 0
0 0 0 0 2
0 0 0 0 0

Diagram n: 64
0 1 2 0 1
0 0 2 1 0
0 0 0 0 0
0 0 0 0 3
0 0 0 0 0

Diagram n: 65
0 0 1 1 2
0 0 3 1 0
0 0 0 0 0
0 0 0 0 2
0 0 0 0 0

Diagram n: 66
0 2 0 0 2
0 0 0 1 1
0 0 0 3 1
0 0 0 0 0
0 0 0 0 0

Diagram n: 67
0 0 0 2 2
0 0 2 1 1
0 0 0 1 1
0 0 0 0 0
0 0 0 0 0

Diagram n: 68
0 2 0 2 0
0 0 1 1 0
0 0 0 0 3
0 0 0 0 1
0 0 0 0 0

Diagram n: 69
0 0 2 0 2
0 0 1 3 0
0 0 0 0 1
0 0 0 0 1
0 0 0 0 0

Diagram n: 70
0 0 2 2 0
0 0 1 1 2
0 0 0 0 1
0 0 0 0 1
0 0 0 0 0

Diagram n: 71
0 2 0 2 0
0 0 1 0 1
0 0 0 1 2
0 0 0 0 1
0 0 0 0 0

Diagram n: 72
0 2 2 0 0
0 0 0 1 1
0 0 0 1 1
0 0 0 0 2
0 0 0 0 0

Diagram n: 73
0 2 0 0 2
0 0 1 1 0
0 0 0 2 1
0 0 0 0 1
0 0 0 0 0

Diagram n: 74
0 2 0 0 2
0 0 2 0 0
0 0 0 2 0
0 0 0 0 2
0 0 0 0 0

Diagram n: 75
0 0 2 0 2
0 0 1 2 1
0 0 0 1 0
0 0 0 0 1
0 0 0 0 0

Diagram n: 76
0 2 2 0 0
0 0 1 0 1
0 0 0 1 0
0 0 0 0 3
0 0 0 0 0

Diagram n: 77
0 0 2 2 0
0 0 1 0 3
0 0 0 1 0
0 0 0 0 1
0 0 0 0 0

Diagram n: 78
0 0 0 2 2
0 0 3 0 1
0 0 0 1 0
0 0 0 0 1
0 0 0 0 0

Diagram n: 79
0 2 0 0 2
0 0 1 0 1
0 0 0 3 0
0 0 0 0 1
0 0 0 0 0

Diagram n: 80
0 2 2 0 0
0 0 0 0 2
0 0 0 2 0
0 0 0 0 2
0 0 0 0 0

Diagram n: 81
0 0 2 2 0
0 0 2 0 2
0 0 0 0 0
0 0 0 0 2
0 0 0 0 0

Diagram n: 82
0 0 2 0 2
0 0 2 2 0
0 0 0 0 0
0 0 0 0 2
0 0 0 0 0

Diagram n: 83
0 0 0 2 0
0 0 1 1 2
0 0 0 1 2
0 0 0 0 0
0 0 0 0 0

Diagram n: 84
0 0 0 2 0
0 0 1 0 3
0 0 0 2 1
0 0 0 0 0
0 0 0 0 0

Diagram n: 85
0 0 2 0 0
0 0 1 2 1
0 0 0 0 1
0 0 0 0 2
0 0 0 0 0

Diagram n: 86
0 2 0 0 0
0 0 0 0 2
0 0 0 3 1
0 0 0 0 1
0 0 0 0 0

Diagram n: 87
0 0 0 2 0
0 0 2 0 2
0 0 0 1 1
0 0 0 0 1
0 0 0 0 0

Diagram n: 88
0 2 0 0 0
0 0 1 0 1
0 0 0 2 1
0 0 0 0 2
0 0 0 0 0

Diagram n: 89
0 2 0 0 0
0 0 0 1 1
0 0 0 2 2
0 0 0 0 1
0 0 0 0 0

Diagram n: 90
0 0 0 0 2
0 0 2 2 0
0 0 0 1 1
0 0 0 0 1
0 0 0 0 0

Diagram n: 91
0 2 0 0 0
0 0 1 1 0
0 0 0 1 2
0 0 0 0 2
0 0 0 0 0

Diagram n: 92
0 2 0 0 0
0 0 2 0 0
0 0 0 1 1
0 0 0 0 3
0 0 0 0 0

Diagram n: 93
0 0 0 0 2
0 0 3 1 0
0 0 0 1 0
0 0 0 0 2
0 0 0 0 0

Diagram n: 94
0 0 2 0 0
0 0 0 1 3
0 0 0 2 0
0 0 0 0 1
0 0 0 0 0

Diagram n: 95
0 0 0 0 2
0 0 2 1 1
0 0 0 2 0
0 0 0 0 1
0 0 0 0 0

Diagram n: 96
0 0 2 0 0
0 0 1 1 2
0 0 0 1 0
0 0 0 0 2
0 0 0 0 0

Diagram n: 97
0 0 2 0 0
0 0 2 1 1
0 0 0 0 0
0 0 0 0 3
0 0 0 0 0

Diagram n: 98
0 1 0 0 1
0 0 0 2 1
0 0 0 2 2
0 0 0 0 0
0 0 0 0 0

Diagram n: 99
0 1 0 0 1
0 0 0 1 2
0 0 0 3 1
0 0 0 0 0
0 0 0 0 0

Diagram n: 100
0 0 0 1 1
0 0 1 1 2
0 0 0 2 1
0 0 0 0 0
0 0 0 0 0

Diagram n: 101
0 1 0 1 0
0 0 2 1 0
0 0 0 0 2
0 0 0 0 2
0 0 0 0 0

Diagram n: 102
0 1 0 1 0
0 0 1 2 0
0 0 0 0 3
0 0 0 0 1
0 0 0 0 0

Diagram n: 103
0 0 1 0 1
0 0 2 2 0
0 0 0 0 1
0 0 0 0 2
0 0 0 0 0

Diagram n: 104
0 0 1 0 1
0 0 1 3 0
0 0 0 0 2
0 0 0 0 1
0 0 0 0 0

Diagram n: 105
0 0 1 1 0
0 0 2 1 1
0 0 0 0 1
0 0 0 0 2
0 0 0 0 0

Diagram n: 106
0 1 0 1 0
0 0 1 0 2
0 0 0 2 1
0 0 0 0 1
0 0 0 0 0

Diagram n: 107
0 1 0 1 0
0 0 2 0 1
0 0 0 1 1
0 0 0 0 2
0 0 0 0 0

Diagram n: 108
0 1 1 0 0
0 0 1 1 1
0 0 0 1 1
0 0 0 0 2
0 0 0 0 0

Diagram n: 109
0 0 1 1 0
0 0 1 1 2
0 0 0 1 1
0 0 0 0 1
0 0 0 0 0

Diagram n: 110
0 1 0 1 0
0 0 1 1 1
0 0 0 1 2
0 0 0 0 1
0 0 0 0 0

Diagram n: 111
0 0 0 1 1
0 0 2 1 1
0 0 0 1 1
0 0 0 0 1
0 0 0 0 0

Diagram n: 112
0 0 1 0 1
0 0 1 2 1
0 0 0 1 1
0 0 0 0 1
0 0 0 0 0

Diagram n: 113
0 1 0 0 1
0 0 1 1 1
0 0 0 2 1
0 0 0 0 1
0 0 0 0 0

Diagram n: 114
0 1 1 0 0
0 0 0 2 1
0 0 0 1 2
0 0 0 0 1
0 0 0 0 0

Diagram n: 115
0 1 0 0 1
0 0 1 2 0
0 0 0 1 2
0 0 0 0 1
0 0 0 0 0

Diagram n: 116
0 1 0 0 1
0 0 2 1 0
0 0 0 1 1
0 0 0 0 2
0 0 0 0 0

Diagram n: 117
0 1 0 0 1
0 0 3 0 0
0 0 0 1 0
0 0 0 0 3
0 0 0 0 0

Diagram n: 118
0 0 1 0 1
0 0 1 1 2
0 0 0 2 0
0 0 0 0 1
0 0 0 0 0

Diagram n: 119
0 0 1 0 1
0 0 2 1 1
0 0 0 1 0
0 0 0 0 2
0 0 0 0 0

Diagram n: 120
0 1 1 0 0
0 0 2 0 1
0 0 0 1 0
0 0 0 0 3
0 0 0 0 0

Diagram n: 121
0 1 1 0 0
0 0 1 0 2
0 0 0 2 0
0 0 0 0 2
0 0 0 0 0

Diagram n: 122
0 0 1 1 0
0 0 2 0 2
0 0 0 1 0
0 0 0 0 2
0 0 0 0 0

Diagram n: 123
0 0 1 1 0
0 0 1 0 3
0 0 0 2 0
0 0 0 0 1
0 0 0 0 0

Diagram n: 124
0 0 0 1 1
0 0 3 0 1
0 0 0 1 0
0 0 0 0 2
0 0 0 0 0

Diagram n: 125
0 0 0 1 1
0 0 2 0 2
0 0 0 2 0
0 0 0 0 1
0 0 0 0 0

Diagram n: 126
0 1 0 0 1
0 0 2 0 1
0 0 0 2 0
0 0 0 0 2
0 0 0 0 0

Diagram n: 127
0 1 0 0 1
0 0 1 0 2
0 0 0 3 0
0 0 0 0 1
0 0 0 0 0

Diagram n: 128
0 1 1 0 0
0 0 0 0 3
0 0 0 3 0
0 0 0 0 1
0 0 0 0 0

Diagram n: 129
0 0 1 1 0
0 0 3 0 1
0 0 0 0 0
0 0 0 0 3
0 0 0 0 0

Diagram n: 130
0 0 1 0 1
0 0 3 1 0
0 0 0 0 0
0 0 0 0 3
0 0 0 0 0

Diagram n: 131
0 0 2 0 0
0 0 0 1 1
0 0 0 1 1
0 0 0 0 0
0 0 0 0 0

Diagram n: 132
0 0 2 0 0
0 0 0 1 3
0 0 0 1 1
0 0 0 0 0
0 0 0 0 0

Diagram n: 133
0 0 0 0 2
0 0 0 1 1
0 0 0 3 1
0 0 0 0 0
0 0 0 0 0

Diagram n: 134
0 0 0 0 2
0 0 0 1 1
0 0 0 1 1
0 0 0 0 0
0 0 0 0 0

Diagram n: 135
0 0 0 2 0
0 0 2 1 1
0 0 0 1 1
0 0 0 0 0
0 0 0 0 0

Diagram n: 136
0 2 0 0 0
0 0 1 0 1
0 0 0 2 1
0 0 0 0 0
0 0 0 0 0

Diagram n: 137
0 0 0 2 0
0 0 1 0 1
0 0 0 2 1
0 0 0 0 0
0 0 0 0 0

Diagram n: 138
0 0 0 0 2
0 0 1 0 1
0 0 0 2 1
0 0 0 0 0
0 0 0 0 0

Diagram n: 139
0 2 0 0 0
0 0 1 1 0
0 0 0 0 1
0 0 0 0 1
0 0 0 0 0

Diagram n: 140
0 2 0 0 0
0 0 1 1 0
0 0 0 0 1
0 0 0 0 3
0 0 0 0 0

Diagram n: 141
0 0 0 2 0
0 0 3 1 0
0 0 0 0 1
0 0 0 0 1
0 0 0 0 0

Diagram n: 142
0 0 0 2 0
0 0 1 1 0
0 0 0 0 3
0 0 0 0 1
0 0 0 0 0

Diagram n: 143
0 0 0 2 0
0 0 1 1 0
0 0 0 0 1
0 0 0 0 1
0 0 0 0 0

Diagram n: 144
0 0 0 0 2
0 0 1 1 0
0 0 0 0 1
0 0 0 0 1
0 0 0 0 0

Diagram n: 145
0 0 0 0 2
0 0 1 3 0
0 0 0 0 1
0 0 0 0 1
0 0 0 0 0

Diagram n: 146
0 0 2 0 0
0 0 1 1 2
0 0 0 0 1
0 0 0 0 1
0 0 0 0 0

Diagram n: 147
0 2 0 0 0
0 0 0 0 2
0 0 0 1 1
0 0 0 0 1
0 0 0 0 0

Diagram n: 148
0 0 2 0 0
0 0 0 0 2
0 0 0 1 1
0 0 0 0 1
0 0 0 0 0

Diagram n: 149
0 0 0 2 0
0 0 0 0 2
0 0 0 1 1
0 0 0 0 1
0 0 0 0 0

Diagram n: 150
0 0 0 2 0
0 0 1 0 1
0 0 0 1 2
0 0 0 0 1
0 0 0 0 0

Diagram n: 151
0 2 0 0 0
0 0 1 0 1
0 0 0 1 2
0 0 0 0 1
0 0 0 0 0

Diagram n: 152
0 2 0 0 0
0 0 0 1 1
0 0 0 1 1
0 0 0 0 2
0 0 0 0 0

Diagram n: 153
0 0 0 0 2
0 0 1 1 0
0 0 0 2 1
0 0 0 0 1
0 0 0 0 0

Diagram n: 154
0 2 0 0 0
0 0 1 1 0
0 0 0 2 1
0 0 0 0 1
0 0 0 0 0

Diagram n: 155
0 2 0 0 0
0 0 2 0 0
0 0 0 1 1
0 0 0 0 1
0 0 0 0 0

Diagram n: 156
0 0 0 2 0
0 0 2 0 0
0 0 0 1 1
0 0 0 0 1
0 0 0 0 0

Diagram n: 157
0 0 0 0 2
0 0 2 0 0
0 0 0 1 1
0 0 0 0 1
0 0 0 0 0

Diagram n: 158
0 0 0 0 2
0 0 2 0 0
0 0 0 2 0
0 0 0 0 2
0 0 0 0 0

Diagram n: 159
0 2 0 0 0
0 0 2 0 0
0 0 0 2 0
0 0 0 0 2
0 0 0 0 0

Diagram n: 160
0 2 0 0 0
0 0 1 1 0
0 0 0 1 0
0 0 0 0 2
0 0 0 0 0

Diagram n: 161
0 0 2 0 0
0 0 1 1 0
0 0 0 1 0
0 0 0 0 2
0 0 0 0 0

Diagram n: 162
0 0 0 0 2
0 0 1 1 0
0 0 0 1 0
0 0 0 0 2
0 0 0 0 0

Diagram n: 163
0 2 0 0 0
0 0 0 1 1
0 0 0 2 0
0 0 0 0 1
0 0 0 0 0

Diagram n: 164
0 0 2 0 0
0 0 0 1 1
0 0 0 2 0
0 0 0 0 1
0 0 0 0 0

Diagram n: 165
0 0 0 0 2
0 0 0 1 1
0 0 0 2 0
0 0 0 0 1
0 0 0 0 0

Diagram n: 166
0 0 0 0 2
0 0 1 2 1
0 0 0 1 0
0 0 0 0 1
0 0 0 0 0

Diagram n: 167
0 0 2 0 0
0 0 1 2 1
0 0 0 1 0
0 0 0 0 1
0 0 0 0 0

Diagram n: 168
0 2 0 0 0
0 0 1 0 1
0 0 0 3 0
0 0 0 0 1
0 0 0 0 0

Diagram n: 169
0 2 0 0 0
0 0 1 0 1
0 0 0 1 0
0 0 0 0 1
0 0 0 0 0

Diagram n: 170
0 2 0 0 0
0 0 1 0 1
0 0 0 1 0
0 0 0 0 3
0 0 0 0 0

Diagram n: 171
0 0 2 0 0
0 0 1 0 1
0 0 0 1 0
0 0 0 0 1
0 0 0 0 0

Diagram n: 172
0 0 2 0 0
0 0 1 0 1
0 0 0 1 0
0 0 0 0 3
0 0 0 0 0

Diagram n: 173
0 0 2 0 0
0 0 1 0 3
0 0 0 1 0
0 0 0 0 1
0 0 0 0 0

Diagram n: 174
0 0 0 2 0
0 0 3 0 1
0 0 0 1 0
0 0 0 0 1
0 0 0 0 0

Diagram n: 175
0 0 0 2 0
0 0 1 0 1
0 0 0 1 0
0 0 0 0 1
0 0 0 0 0

Diagram n: 176
0 0 0 2 0
0 0 1 0 3
0 0 0 1 0
0 0 0 0 1
0 0 0 0 0

Diagram n: 177
0 0 0 0 2
0 0 3 0 1
0 0 0 1 0
0 0 0 0 1
0 0 0 0 0

Diagram n: 178
0 0 0 0 2
0 0 1 0 1
0 0 0 3 0
0 0 0 0 1
0 0 0 0 0

Diagram n: 179
0 0 0 0 2
0 0 1 0 1
0 0 0 1 0
0 0 0 0 1
0 0 0 0 0

Diagram n: 180
0 0 2 0 0
0 0 0 0 2
0 0 0 2 0
0 0 0 0 2
0 0 0 0 0

Diagram n: 181
0 2 0 0 0
0 0 0 0 2
0 0 0 2 0
0 0 0 0 2
0 0 0 0 0

Diagram n: 182
0 0 0 2 0
0 0 2 0 2
0 0 0 0 0
0 0 0 0 2
0 0 0 0 0

Diagram n: 183
0 0 2 0 0
0 0 2 0 2
0 0 0 0 0
0 0 0 0 2
0 0 0 0 0

Diagram n: 184
0 0 2 0 0
0 0 2 1 1
0 0 0 0 0
0 0 0 0 1
0 0 0 0 0

Diagram n: 185
0 0 0 2 0
0 0 2 1 1
0 0 0 0 0
0 0 0 0 1
0 0 0 0 0

Diagram n: 186
0 0 0 0 2
0 0 2 1 1
0 0 0 0 0
0 0 0 0 1
0 0 0 0 0

Diagram n: 187
0 0 0 0 2
0 0 2 2 0
0 0 0 0 0
0 0 0 0 2
0 0 0 0 0

Diagram n: 188
0 0 2 0 0
0 0 2 2 0
0 0 0 0 0
0 0 0 0 2
0 0 0 0 0

Diagram n: 189
0 0 3 1 0
0 0 1 1 2
0 0 0 0 0
0 0 0 0 0
0 0 0 0 0

Diagram n: 190
0 0 0 3 1
0 0 2 0 0
0 0 0 1 1
0 0 0 0 0
0 0 0 0 0

Diagram n: 191
0 1 0 3 0
0 0 1 0 0
0 0 0 1 2
0 0 0 0 0
0 0 0 0 0

Diagram n: 192
0 3 0 1 0
0 0 1 0 0
0 0 0 1 2
0 0 0 0 0
0 0 0 0 0

Diagram n: 193
0 0 1 3 0
0 0 1 0 1
0 0 0 1 1
0 0 0 0 0
0 0 0 0 0

Diagram n: 194
0 1 0 3 0
0 0 2 0 1
0 0 0 1 1
0 0 0 0 0
0 0 0 0 0

Diagram n: 195
0 0 0 3 1
0 0 1 0 1
0 0 0 1 2
0 0 0 0 0
0 0 0 0 0

Diagram n: 196
0 3 1 0 0
0 0 0 0 1
0 0 0 0 1
0 0 0 0 2
0 0 0 0 0

Diagram n: 197
0 3 1 0 0
0 0 0 0 1
0 0 0 1 2
0 0 0 0 1
0 0 0 0 0

Diagram n: 198
0 3 0 1 0
0 0 0 0 1
0 0 0 1 1
0 0 0 0 2
0 0 0 0 0

Diagram n: 199
0 3 0 0 1
0 0 0 0 1
0 0 0 1 1
0 0 0 0 1
0 0 0 0 0

Diagram n: 200
0 3 1 0 0
0 0 1 0 0
0 0 0 1 1
0 0 0 0 1
0 0 0 0 0

Diagram n: 201
0 3 0 1 0
0 0 1 0 0
0 0 0 2 1
0 0 0 0 1
0 0 0 0 0

Diagram n: 202
0 3 0 0 1
0 0 1 0 0
0 0 0 1 2
0 0 0 0 1
0 0 0 0 0

Diagram n: 203
0 1 0 0 3
0 0 1 0 0
0 0 0 3 0
0 0 0 0 1
0 0 0 0 0

Diagram n: 204
0 1 0 0 3
0 0 1 0 0
0 0 0 1 0
0 0 0 0 1
0 0 0 0 0

Diagram n: 205
0 1 0 0 3
0 0 3 0 0
0 0 0 1 0
0 0 0 0 1
0 0 0 0 0

Diagram n: 206
0 3 0 0 1
0 0 1 0 0
0 0 0 3 0
0 0 0 0 1
0 0 0 0 0

Diagram n: 207
0 3 0 0 1
0 0 1 0 0
0 0 0 1 0
0 0 0 0 1
0 0 0 0 0

Diagram n: 208
0 3 0 0 1
0 0 1 0 0
0 0 0 1 0
0 0 0 0 3
0 0 0 0 0

Diagram n: 209
0 0 1 0 3
0 0 2 0 0
0 0 0 1 0
0 0 0 0 1
0 0 0 0 0

Diagram n: 210
0 0 0 1 3
0 0 2 0 0
0 0 0 2 0
0 0 0 0 1
0 0 0 0 0

Diagram n: 211
0 3 0 1 0
0 0 1 0 0
0 0 0 1 0
0 0 0 0 2
0 0 0 0 0

Diagram n: 212
0 3 1 0 0
0 0 1 0 0
0 0 0 2 0
0 0 0 0 2
0 0 0 0 0

Diagram n: 213
0 0 0 1 3
0 0 1 1 0
0 0 0 1 0
0 0 0 0 1
0 0 0 0 0

Diagram n: 214
0 0 1 0 3
0 0 1 1 0
0 0 0 2 0
0 0 0 0 1
0 0 0 0 0

Diagram n: 215
0 1 0 0 3
0 0 1 2 0
0 0 0 1 0
0 0 0 0 1
0 0 0 0 0

Diagram n: 216
0 0 1 0 3
0 0 0 2 0
0 0 0 1 0
0 0 0 0 1
0 0 0 0 0

Diagram n: 217
0 0 3 0 1
0 0 0 2 0
0 0 0 1 0
0 0 0 0 1
0 0 0 0 0

Diagram n: 218
0 3 1 0 0
0 0 0 1 0
0 0 0 1 0
0 0 0 0 2
0 0 0 0 0

Diagram n: 219
0 1 3 0 0
0 0 0 2 1
0 0 0 1 0
0 0 0 0 1
0 0 0 0 0

Diagram n: 220
0 0 3 1 0
0 0 0 1 1
0 0 0 1 0
0 0 0 0 1
0 0 0 0 0

Diagram n: 221
0 0 3 0 1
0 0 0 1 1
0 0 0 1 0
0 0 0 0 2
0 0 0 0 0

Diagram n: 222
0 3 0 0 1
0 0 0 0 1
0 0 0 2 0
0 0 0 0 2
0 0 0 0 0

Diagram n: 223
0 0 3 0 1
0 0 0 0 2
0 0 0 1 0
0 0 0 0 1
0 0 0 0 0

Diagram n: 224
0 3 0 1 0
0 0 0 0 1
0 0 0 2 0
0 0 0 0 1
0 0 0 0 0

Diagram n: 225
0 0 3 1 0
0 0 0 0 2
0 0 0 1 0
0 0 0 0 2
0 0 0 0 0

Diagram n: 226
0 1 3 0 0
0 0 0 0 1
0 0 0 1 0
0 0 0 0 1
0 0 0 0 0

Diagram n: 227
0 1 3 0 0
0 0 0 0 1
0 0 0 1 0
0 0 0 0 3
0 0 0 0 0

Diagram n: 228
0 1 3 0 0
0 0 0 0 3
0 0 0 1 0
0 0 0 0 1
0 0 0 0 0

Diagram n: 229
0 3 1 0 0
0 0 0 0 1
0 0 0 3 0
0 0 0 0 1
0 0 0 0 0

Diagram n: 230
0 3 1 0 0
0 0 0 0 1
0 0 0 1 0
0 0 0 0 1
0 0 0 0 0

Diagram n: 231
0 3 1 0 0
0 0 0 0 1
0 0 0 1 0
0 0 0 0 3
0 0 0 0 0

Diagram n: 232
0 0 3 0 1
0 0 1 0 1
0 0 0 0 0
0 0 0 0 2
0 0 0 0 0

Diagram n: 233
0 0 0 3 1
0 0 2 0 2
0 0 0 0 0
0 0 0 0 1
0 0 0 0 0

Diagram n: 234
0 1 0 3 0
0 0 2 0 1
0 0 0 0 0
0 0 0 0 1
0 0 0 0 0

Diagram n: 235
0 0 1 3 0
0 0 1 0 3
0 0 0 0 0
0 0 0 0 1
0 0 0 0 0

Diagram n: 236
0 0 1 3 0
0 0 1 0 1
0 0 0 0 0
0 0 0 0 1
0 0 0 0 0

Diagram n: 237
0 0 1 3 0
0 0 3 0 1
0 0 0 0 0
0 0 0 0 1
0 0 0 0 0

Diagram n: 238
0 0 3 1 0
0 0 1 0 3
0 0 0 0 0
0 0 0 0 1
0 0 0 0 0

Diagram n: 239
0 0 3 1 0
0 0 1 0 1
0 0 0 0 0
0 0 0 0 1
0 0 0 0 0

Diagram n: 240
0 0 3 1 0
0 0 1 0 1
0 0 0 0 0
0 0 0 0 3
0 0 0 0 0

Diagram n: 241
0 1 3 0 0
0 0 1 0 2
0 0 0 0 0
0 0 0 0 2
0 0 0 0 0

Diagram n: 242
0 1 3 0 0
0 0 1 1 1
0 0 0 0 0
0 0 0 0 1
0 0 0 0 0

Diagram n: 243
0 0 3 1 0
0 0 1 2 1
0 0 0 0 0
0 0 0 0 1
0 0 0 0 0

Diagram n: 244
0 0 3 0 1
0 0 1 1 2
0 0 0 0 0
0 0 0 0 1
0 0 0 0 0

Diagram n: 245
0 1 0 0 3
0 0 2 1 0
0 0 0 0 0
0 0 0 0 1
0 0 0 0 0

Diagram n: 246
0 0 1 0 3
0 0 1 3 0
0 0 0 0 0
0 0 0 0 1
0 0 0 0 0

Diagram n: 247
0 0 1 0 3
0 0 1 1 0
0 0 0 0 0
0 0 0 0 1
0 0 0 0 0

Diagram n: 248
0 0 1 0 3
0 0 3 1 0
0 0 0 0 0
0 0 0 0 1
0 0 0 0 0

Diagram n: 249
0 0 3 0 1
0 0 1 3 0
0 0 0 0 0
0 0 0 0 1
0 0 0 0 0

Diagram n: 250
0 0 3 0 1
0 0 1 1 0
0 0 0 0 0
0 0 0 0 1
0 0 0 0 0

Diagram n: 251
0 0 3 0 1
0 0 1 1 0
0 0 0 0 0
0 0 0 0 3
0 0 0 0 0

Diagram n: 252
0 0 0 1 3
0 0 2 2 0
0 0 0 0 0
0 0 0 0 1
0 0 0 0 0

Diagram n: 253
0 0 3 1 0
0 0 1 1 0
0 0 0 0 0
0 0 0 0 2
0 0 0 0 0

Diagram n: 254
0 1 3 0 0
0 0 1 2 0
0 0 0 0 0
0 0 0 0 2
0 0 0 0 0

Diagram n: 255
0 0 1 1 0
0 0 1 1 2
0 0 0 0 0
0 0 0 0 0
0 0 0 0 0

Diagram n: 256
0 0 0 1 1
0 0 2 0 0
0 0 0 1 1
0 0 0 0 0
0 0 0 0 0

Diagram n: 257
0 1 0 1 0
0 0 1 0 0
0 0 0 1 2
0 0 0 0 0
0 0 0 0 0

Diagram n: 258
0 1 1 0 0
0 0 0 1 2
0 0 0 1 2
0 0 0 0 0
0 0 0 0 0

Diagram n: 259
0 0 0 1 1
0 0 0 1 1
0 0 0 2 2
0 0 0 0 0
0 0 0 0 0

Diagram n: 260
0 1 0 0 1
0 0 0 1 2
0 0 0 1 1
0 0 0 0 0
0 0 0 0 0

Diagram n: 261
0 1 0 1 0
0 0 1 1 1
0 0 0 2 1
0 0 0 0 0
0 0 0 0 0

Diagram n: 262
0 0 1 1 0
0 0 1 2 1
0 0 0 1 1
0 0 0 0 0
0 0 0 0 0

Diagram n: 263
0 1 1 0 0
0 0 1 1 1
0 0 0 1 1
0 0 0 0 0
0 0 0 0 0

Diagram n: 264
0 0 1 1 0
0 0 1 0 1
0 0 0 1 1
0 0 0 0 0
0 0 0 0 0

Diagram n: 265
0 0 1 1 0
0 0 1 0 3
0 0 0 1 1
0 0 0 0 0
0 0 0 0 0

Diagram n: 266
0 1 0 1 0
0 0 2 0 1
0 0 0 1 1
0 0 0 0 0
0 0 0 0 0

Diagram n: 267
0 1 0 1 0
0 0 1 0 2
0 0 0 1 2
0 0 0 0 0
0 0 0 0 0

Diagram n: 268
0 0 0 1 1
0 0 2 0 2
0 0 0 1 1
0 0 0 0 0
0 0 0 0 0

Diagram n: 269
0 0 0 1 1
0 0 1 0 1
0 0 0 1 2
0 0 0 0 0
0 0 0 0 0

Diagram n: 270
0 1 0 0 1
0 0 1 0 2
0 0 0 2 1
0 0 0 0 0
0 0 0 0 0

Diagram n: 271
0 0 1 1 0
0 0 2 2 0
0 0 0 0 1
0 0 0 0 1
0 0 0 0 0

Diagram n: 272
0 0 1 1 0
0 0 1 1 0
0 0 0 0 2
0 0 0 0 2
0 0 0 0 0

Diagram n: 273
0 1 0 1 0
0 0 1 2 0
0 0 0 0 1
0 0 0 0 1
0 0 0 0 0

Diagram n: 274
0 0 1 0 1
0 0 1 1 0
0 0 0 0 2
0 0 0 0 1
0 0 0 0 0

Diagram n: 275
0 1 0 0 1
0 0 1 2 0
0 0 0 0 1
0 0 0 0 2
0 0 0 0 0

Diagram n: 276
0 1 0 0 1
0 0 1 1 1
0 0 0 0 1
0 0 0 0 1
0 0 0 0 0

Diagram n: 277
0 0 0 1 1
0 0 1 2 1
0 0 0 0 1
0 0 0 0 1
0 0 0 0 0

Diagram n: 278
0 1 1 0 0
0 0 1 1 1
0 0 0 0 2
0 0 0 0 1
0 0 0 0 0

Diagram n: 279
0 1 1 0 0
0 0 0 0 1
0 0 0 0 1
0 0 0 0 2
0 0 0 0 0

Diagram n: 280
0 1 1 0 0
0 0 0 0 1
0 0 0 1 2
0 0 0 0 1
0 0 0 0 0

Diagram n: 281
0 1 1 0 0
0 0 0 0 1
0 0 0 2 1
0 0 0 0 2
0 0 0 0 0

Diagram n: 282
0 0 1 1 0
0 0 0 0 2
0 0 0 2 1
0 0 0 0 1
0 0 0 0 0

Diagram n: 283
0 1 0 1 0
0 0 0 0 1
0 0 0 1 1
0 0 0 0 2
0 0 0 0 0

Diagram n: 284
0 1 0 1 0
0 0 0 0 1
0 0 0 2 2
0 0 0 0 1
0 0 0 0 0

Diagram n: 285
0 1 0 0 1
0 0 0 0 1
0 0 0 1 1
0 0 0 0 1
0 0 0 0 0

Diagram n: 286
0 1 0 0 1
0 0 0 0 1
0 0 0 3 1
0 0 0 0 1
0 0 0 0 0

Diagram n: 287
0 1 0 0 1
0 0 2 0 1
0 0 0 1 1
0 0 0 0 1
0 0 0 0 0

Diagram n: 288
0 0 1 0 1
0 0 1 0 1
0 0 0 1 1
0 0 0 0 1
0 0 0 0 0

Diagram n: 289
0 0 0 1 1
0 0 1 0 1
0 0 0 2 1
0 0 0 0 1
0 0 0 0 0

Diagram n: 290
0 0 1 1 0
0 0 1 0 1
0 0 0 1 1
0 0 0 0 2
0 0 0 0 0

Diagram n: 291
0 1 1 0 0
0 0 1 0 2
0 0 0 1 1
0 0 0 0 1
0 0 0 0 0

Diagram n: 292
0 0 1 0 1
0 0 0 1 1
0 0 0 2 1
0 0 0 0 1
0 0 0 0 0

Diagram n: 293
0 0 0 1 1
0 0 0 1 1
0 0 0 1 1
0 0 0 0 1
0 0 0 0 0

Diagram n: 294
0 0 1 1 0
0 0 0 1 1
0 0 0 1 2
0 0 0 0 1
0 0 0 0 0

Diagram n: 295
0 0 1 0 1
0 0 1 1 0
0 0 0 1 1
0 0 0 0 2
0 0 0 0 0

Diagram n: 296
0 0 0 1 1
0 0 1 1 0
0 0 0 1 2
0 0 0 0 1
0 0 0 0 0

Diagram n: 297
0 1 0 1 0
0 0 2 1 0
0 0 0 1 1
0 0 0 0 1
0 0 0 0 0

Diagram n: 298
0 0 1 1 0
0 0 1 1 0
0 0 0 1 1
0 0 0 0 1
0 0 0 0 0

Diagram n: 299
0 1 1 0 0
0 0 1 2 0
0 0 0 1 1
0 0 0 0 1
0 0 0 0 0

Diagram n: 300
0 1 1 0 0
0 0 1 0 0
0 0 0 1 1
0 0 0 0 1
0 0 0 0 0

Diagram n: 301
0 1 1 0 0
0 0 1 0 0
0 0 0 1 1
0 0 0 0 3
0 0 0 0 0

Diagram n: 302
0 1 0 1 0
0 0 1 0 0
0 0 0 1 2
0 0 0 0 2
0 0 0 0 0

Diagram n: 303
0 1 0 1 0
0 0 1 0 0
0 0 0 2 1
0 0 0 0 1
0 0 0 0 0

Diagram n: 304
0 0 0 1 1
0 0 2 0 0
0 0 0 1 1
0 0 0 0 2
0 0 0 0 0

Diagram n: 305
0 1 0 0 1
0 0 1 0 0
0 0 0 1 2
0 0 0 0 1
0 0 0 0 0

Diagram n: 306
0 1 0 0 1
0 0 1 0 0
0 0 0 2 1
0 0 0 0 2
0 0 0 0 0

Diagram n: 307
0 1 0 0 1
0 0 1 0 0
0 0 0 3 0
0 0 0 0 1
0 0 0 0 0

Diagram n: 308
0 1 0 0 1
0 0 1 0 0
0 0 0 1 0
0 0 0 0 1
0 0 0 0 0

Diagram n: 309
0 1 0 0 1
0 0 1 0 0
0 0 0 1 0
0 0 0 0 3
0 0 0 0 0

Diagram n: 310
0 1 0 0 1
0 0 3 0 0
0 0 0 1 0
0 0 0 0 1
0 0 0 0 0

Diagram n: 311
0 0 1 0 1
0 0 2 0 0
0 0 0 1 0
0 0 0 0 1
0 0 0 0 0

Diagram n: 312
0 0 1 0 1
0 0 2 0 0
0 0 0 1 0
0 0 0 0 3
0 0 0 0 0

Diagram n: 313
0 0 0 1 1
0 0 2 0 0
0 0 0 2 0
0 0 0 0 1
0 0 0 0 0

Diagram n: 314
0 1 0 1 0
0 0 1 0 0
0 0 0 1 0
0 0 0 0 2
0 0 0 0 0

Diagram n: 315
0 1 0 1 0
0 0 3 0 0
0 0 0 1 0
0 0 0 0 2
0 0 0 0 0

Diagram n: 316
0 0 1 1 0
0 0 2 0 0
0 0 0 1 0
0 0 0 0 2
0 0 0 0 0

Diagram n: 317
0 1 1 0 0
0 0 1 0 0
0 0 0 2 0
0 0 0 0 2
0 0 0 0 0

Diagram n: 318
0 1 1 0 0
0 0 2 1 0
0 0 0 1 0
0 0 0 0 2
0 0 0 0 0

Diagram n: 319
0 0 0 1 1
0 0 3 1 0
0 0 0 1 0
0 0 0 0 1
0 0 0 0 0

Diagram n: 320
0 0 0 1 1
0 0 1 1 0
0 0 0 1 0
0 0 0 0 1
0 0 0 0 0

Diagram n: 321
0 0 1 0 1
0 0 2 2 0
0 0 0 1 0
0 0 0 0 1
0 0 0 0 0

Diagram n: 322
0 0 1 0 1
0 0 1 1 0
0 0 0 2 0
0 0 0 0 1
0 0 0 0 0

Diagram n: 323
0 1 0 0 1
0 0 2 1 0
0 0 0 2 0
0 0 0 0 1
0 0 0 0 0

Diagram n: 324
0 1 0 0 1
0 0 1 2 0
0 0 0 1 0
0 0 0 0 1
0 0 0 0 0

Diagram n: 325
0 0 1 0 1
0 0 0 2 0
0 0 0 1 0
0 0 0 0 1
0 0 0 0 0

Diagram n: 326
0 1 1 0 0
0 0 0 1 0
0 0 0 1 0
0 0 0 0 2
0 0 0 0 0

Diagram n: 327
0 1 1 0 0
0 0 0 2 1
0 0 0 1 0
0 0 0 0 1
0 0 0 0 0

Diagram n: 328
0 1 1 0 0
0 0 0 1 2
0 0 0 1 0
0 0 0 0 2
0 0 0 0 0

Diagram n: 329
0 0 1 1 0
0 0 0 1 1
0 0 0 1 0
0 0 0 0 1
0 0 0 0 0

Diagram n: 330
0 0 1 1 0
0 0 0 1 3
0 0 0 1 0
0 0 0 0 1
0 0 0 0 0

Diagram n: 331
0 0 1 0 1
0 0 0 2 2
0 0 0 1 0
0 0 0 0 1
0 0 0 0 0

Diagram n: 332
0 0 1 0 1
0 0 0 1 1
0 0 0 1 0
0 0 0 0 2
0 0 0 0 0

Diagram n: 333
0 1 0 0 1
0 0 0 1 2
0 0 0 2 0
0 0 0 0 1
0 0 0 0 0

Diagram n: 334
0 1 0 0 1
0 0 1 1 1
0 0 0 1 0
0 0 0 0 2
0 0 0 0 0

Diagram n: 335
0 0 0 1 1
0 0 1 1 2
0 0 0 1 0
0 0 0 0 1
0 0 0 0 0

Diagram n: 336
0 1 0 1 0
0 0 1 1 1
0 0 0 1 0
0 0 0 0 1
0 0 0 0 0

Diagram n: 337
0 0 1 1 0
0 0 2 1 1
0 0 0 1 0
0 0 0 0 1
0 0 0 0 0

Diagram n: 338
0 1 1 0 0
0 0 1 1 1
0 0 0 2 0
0 0 0 0 1
0 0 0 0 0

Diagram n: 339
0 1 1 0 0
0 0 2 0 1
0 0 0 1 0
0 0 0 0 1
0 0 0 0 0

Diagram n: 340
0 0 1 1 0
0 0 1 0 1
0 0 0 2 0
0 0 0 0 1
0 0 0 0 0

Diagram n: 341
0 1 0 1 0
0 0 2 0 1
0 0 0 2 0
0 0 0 0 1
0 0 0 0 0

Diagram n: 342
0 1 0 1 0
0 0 1 0 2
0 0 0 1 0
0 0 0 0 2
0 0 0 0 0

Diagram n: 343
0 0 0 1 1
0 0 1 0 1
0 0 0 1 0
0 0 0 0 2
0 0 0 0 0

Diagram n: 344
0 0 1 0 1
0 0 2 0 2
0 0 0 1 0
0 0 0 0 1
0 0 0 0 0

Diagram n: 345
0 0 1 0 1
0 0 1 0 1
0 0 0 2 0
0 0 0 0 2
0 0 0 0 0

Diagram n: 346
0 1 0 0 1
0 0 1 0 2
0 0 0 1 0
0 0 0 0 1
0 0 0 0 0

Diagram n: 347
0 1 0 0 1
0 0 0 0 1
0 0 0 2 0
0 0 0 0 2
0 0 0 0 0

Diagram n: 348
0 0 1 0 1
0 0 0 0 2
0 0 0 3 0
0 0 0 0 1
0 0 0 0 0

Diagram n: 349
0 0 1 0 1
0 0 0 0 2
0 0 0 1 0
0 0 0 0 1
0 0 0 0 0

Diagram n: 350
0 0 0 1 1
0 0 0 0 2
0 0 0 2 0
0 0 0 0 1
0 0 0 0 0

Diagram n: 351
0 1 0 1 0
0 0 0 0 1
0 0 0 2 0
0 0 0 0 1
0 0 0 0 0

Diagram n: 352
0 1 0 1 0
0 0 0 0 3
0 0 0 2 0
0 0 0 0 1
0 0 0 0 0

Diagram n: 353
0 0 1 1 0
0 0 0 0 2
0 0 0 1 0
0 0 0 0 2
0 0 0 0 0

Diagram n: 354
0 1 1 0 0
0 0 0 0 1
0 0 0 3 0
0 0 0 0 1
0 0 0 0 0

Diagram n: 355
0 1 1 0 0
0 0 0 0 1
0 0 0 1 0
0 0 0 0 1
0 0 0 0 0

Diagram n: 356
0 1 1 0 0
0 0 0 0 1
0 0 0 1 0
0 0 0 0 3
0 0 0 0 0

Diagram n: 357
0 1 1 0 0
0 0 0 0 3
0 0 0 1 0
0 0 0 0 1
0 0 0 0 0

Diagram n: 358
0 1 0 0 1
0 0 2 0 1
0 0 0 0 0
0 0 0 0 2
0 0 0 0 0

Diagram n: 359
0 0 1 0 1
0 0 1 0 1
0 0 0 0 0
0 0 0 0 2
0 0 0 0 0

Diagram n: 360
0 0 1 0 1
0 0 3 0 1
0 0 0 0 0
0 0 0 0 2
0 0 0 0 0

Diagram n: 361
0 0 0 1 1
0 0 2 0 2
0 0 0 0 0
0 0 0 0 1
0 0 0 0 0

Diagram n: 362
0 1 0 1 0
0 0 2 0 1
0 0 0 0 0
0 0 0 0 1
0 0 0 0 0

Diagram n: 363
0 1 0 1 0
0 0 2 0 1
0 0 0 0 0
0 0 0 0 3
0 0 0 0 0

Diagram n: 364
0 0 1 1 0
0 0 1 0 3
0 0 0 0 0
0 0 0 0 1
0 0 0 0 0

Diagram n: 365
0 0 1 1 0
0 0 1 0 1
0 0 0 0 0
0 0 0 0 1
0 0 0 0 0

Diagram n: 366
0 0 1 1 0
0 0 1 0 1
0 0 0 0 0
0 0 0 0 3
0 0 0 0 0

Diagram n: 367
0 0 1 1 0
0 0 3 0 1
0 0 0 0 0
0 0 0 0 1
0 0 0 0 0

Diagram n: 368
0 1 1 0 0
0 0 1 0 2
0 0 0 0 0
0 0 0 0 2
0 0 0 0 0

Diagram n: 369
0 1 1 0 0
0 0 1 1 1
0 0 0 0 0
0 0 0 0 1
0 0 0 0 0

Diagram n: 370
0 1 1 0 0
0 0 1 1 1
0 0 0 0 0
0 0 0 0 3
0 0 0 0 0

Diagram n: 371
0 0 1 1 0
0 0 1 1 2
0 0 0 0 0
0 0 0 0 2
0 0 0 0 0

Diagram n: 372
0 0 1 1 0
0 0 1 2 1
0 0 0 0 0
0 0 0 0 1
0 0 0 0 0

Diagram n: 373
0 0 0 1 1
0 0 2 1 1
0 0 0 0 0
0 0 0 0 2
0 0 0 0 0

Diagram n: 374
0 0 1 0 1
0 0 1 1 2
0 0 0 0 0
0 0 0 0 1
0 0 0 0 0

Diagram n: 375
0 0 1 0 1
0 0 1 2 1
0 0 0 0 0
0 0 0 0 2
0 0 0 0 0

Diagram n: 376
0 1 0 0 1
0 0 2 1 0
0 0 0 0 0
0 0 0 0 1
0 0 0 0 0

Diagram n: 377
0 1 0 0 1
0 0 2 1 0
0 0 0 0 0
0 0 0 0 3
0 0 0 0 0

Diagram n: 378
0 0 1 0 1
0 0 1 3 0
0 0 0 0 0
0 0 0 0 1
0 0 0 0 0

Diagram n: 379
0 0 1 0 1
0 0 1 1 0
0 0 0 0 0
0 0 0 0 1
0 0 0 0 0

Diagram n: 380
0 0 1 0 1
0 0 1 1 0
0 0 0 0 0
0 0 0 0 3
0 0 0 0 0

Diagram n: 381
0 0 1 0 1
0 0 3 1 0
0 0 0 0 0
0 0 0 0 1
0 0 0 0 0

Diagram n: 382
0 0 0 1 1
0 0 2 2 0
0 0 0 0 0
0 0 0 0 1
0 0 0 0 0

Diagram n: 383
0 1 0 1 0
0 0 2 1 0
0 0 0 0 0
0 0 0 0 2
0 0 0 0 0

Diagram n: 384
0 0 1 1 0
0 0 1 1 0
0 0 0 0 0
0 0 0 0 2
0 0 0 0 0

Diagram n: 385
0 0 1 1 0
0 0 3 1 0
0 0 0 0 0
0 0 0 0 2
0 0 0 0 0

Diagram n: 386
0 1 1 0 0
0 0 1 2 0
0 0 0 0 0
0 0 0 0 2
0 0 0 0 0

Diagram n: 387
0 1 1 1 1
0 0 1 1 1
0 0 0 0 0
0 0 0 0 0
0 0 0 0 0

Diagram n: 388
0 1 1 1 1
0 0 1 0 0
0 0 0 1 1
0 0 0 0 0
0 0 0 0 0

Diagram n: 389
0 1 1 1 1
0 0 1 0 2
0 0 0 1 1
0 0 0 0 0
0 0 0 0 0

Diagram n: 390
0 1 1 1 1
0 0 0 0 1
0 0 0 0 1
0 0 0 0 1
0 0 0 0 0

Diagram n: 391
0 1 1 1 1
0 0 0 0 1
0 0 0 2 1
0 0 0 0 1
0 0 0 0 0

Diagram n: 392
0 1 1 1 1
0 0 1 0 0
0 0 0 1 1
0 0 0 0 2
0 0 0 0 0

Diagram n: 393
0 1 1 1 1
0 0 1 0 0
0 0 0 2 0
0 0 0 0 1
0 0 0 0 0

Diagram n: 394
0 1 1 1 1
0 0 2 1 0
0 0 0 1 0
0 0 0 0 1
0 0 0 0 0

Diagram n: 395
0 1 1 1 1
0 0 0 1 0
0 0 0 1 0
0 0 0 0 1
0 0 0 0 0

Diagram n: 396
0 1 1 1 1
0 0 0 1 2
0 0 0 1 0
0 0 0 0 1
0 0 0 0 0

Diagram n: 397
0 1 1 1 1
0 0 0 0 1
0 0 0 1 0
0 0 0 0 2
0 0 0 0 0

Diagram n: 398
0 1 1 1 1
0 0 1 0 2
0 0 0 0 0
0 0 0 0 1
0 0 0 0 0

Diagram n: 399
0 1 1 1 1
0 0 1 1 1
0 0 0 0 0
0 0 0 0 2
0 0 0 0 0

Diagram n: 400
0 1 1 1 1
0 0 1 2 0
0 0 0 0 0
0 0 0 0 1
0 0 0 0 0

Diagram n: 401
0 1 1 1 1
0 0 1 0 0
0 0 0 0 0
0 0 0 0 1
0 0 0 0 0

Diagram n: 402
0 1 1 1 1
0 0 1 0 0
0 0 0 0 0
0 0 0 0 3
0 0 0 0 0

Diagram n: 403
0 0 1 2 1
0 0 1 2 1
0 0 0 0 0
0 0 0 0 0
0 0 0 0 0

Diagram n: 404
0 2 0 1 1
0 0 0 0 0
0 0 0 1 1
0 0 0 0 0
0 0 0 0 0

Diagram n: 405
0 2 0 1 1
0 0 0 0 0
0 0 0 1 3
0 0 0 0 0
0 0 0 0 0

Diagram n: 406
0 2 1 0 1
0 0 0 0 0
0 0 0 2 1
0 0 0 0 0
0 0 0 0 0

Diagram n: 407
0 2 0 1 1
0 0 2 0 0
0 0 0 1 1
0 0 0 0 0
0 0 0 0 0

Diagram n: 408
0 1 0 2 1
0 0 1 0 0
0 0 0 2 1
0 0 0 0 0
0 0 0 0 0

Diagram n: 409
0 0 1 1 2
0 0 0 1 1
0 0 0 2 1
0 0 0 0 0
0 0 0 0 0

Diagram n: 410
0 2 1 0 1
0 0 0 1 1
0 0 0 1 2
0 0 0 0 0
0 0 0 0 0

Diagram n: 411
0 1 1 2 0
0 0 1 1 1
0 0 0 1 1
0 0 0 0 0
0 0 0 0 0

Diagram n: 412
0 2 1 1 0
0 0 1 0 1
0 0 0 1 1
0 0 0 0 0
0 0 0 0 0

Diagram n: 413
0 1 0 1 2
0 0 2 0 1
0 0 0 1 1
0 0 0 0 0
0 0 0 0 0

Diagram n: 414
0 2 0 1 1
0 0 1 0 1
0 0 0 1 2
0 0 0 0 0
0 0 0 0 0

Diagram n: 415
0 0 1 1 2
0 0 1 0 1
0 0 0 1 1
0 0 0 0 0
0 0 0 0 0

Diagram n: 416
0 1 1 2 0
0 0 2 1 0
0 0 0 0 1
0 0 0 0 1
0 0 0 0 0

Diagram n: 417
0 0 2 1 1
0 0 1 1 0
0 0 0 0 1
0 0 0 0 2
0 0 0 0 0

Diagram n: 418
0 1 1 0 2
0 0 2 1 0
0 0 0 0 1
0 0 0 0 1
0 0 0 0 0

Diagram n: 419
0 2 1 0 1
0 0 1 1 0
0 0 0 0 2
0 0 0 0 1
0 0 0 0 0

Diagram n: 420
0 1 0 2 1
0 0 1 1 1
0 0 0 0 1
0 0 0 0 1
0 0 0 0 0

Diagram n: 421
0 1 2 1 0
0 0 0 0 1
0 0 0 0 2
0 0 0 0 1
0 0 0 0 0

Diagram n: 422
0 1 2 1 0
0 0 0 0 1
0 0 0 1 1
0 0 0 0 2
0 0 0 0 0

Diagram n: 423
0 1 1 2 0
0 0 0 0 1
0 0 0 1 2
0 0 0 0 1
0 0 0 0 0

Diagram n: 424
0 1 0 2 1
0 0 0 0 1
0 0 0 1 1
0 0 0 0 1
0 0 0 0 0

Diagram n: 425
0 1 2 0 1
0 0 0 0 1
0 0 0 1 1
0 0 0 0 1
0 0 0 0 0

Diagram n: 426
0 2 1 0 1
0 0 1 0 1
0 0 0 1 1
0 0 0 0 1
0 0 0 0 0

Diagram n: 427
0 0 1 2 1
0 0 1 0 1
0 0 0 1 1
0 0 0 0 1
0 0 0 0 0

Diagram n: 428
0 2 0 1 1
0 0 0 1 1
0 0 0 1 1
0 0 0 0 1
0 0 0 0 0

Diagram n: 429
0 0 1 1 2
0 0 1 1 0
0 0 0 1 1
0 0 0 0 1
0 0 0 0 0

Diagram n: 430
0 2 1 1 0
0 0 1 1 0
0 0 0 1 1
0 0 0 0 1
0 0 0 0 0

Diagram n: 431
0 1 1 2 0
0 0 1 0 0
0 0 0 1 1
0 0 0 0 1
0 0 0 0 0

Diagram n: 432
0 1 0 2 1
0 0 1 0 0
0 0 0 1 2
0 0 0 0 1
0 0 0 0 0

Diagram n: 433
0 1 0 1 2
0 0 1 0 0
0 0 0 2 1
0 0 0 0 1
0 0 0 0 0

Diagram n: 434
0 1 1 0 2
0 0 1 0 0
0 0 0 1 1
0 0 0 0 1
0 0 0 0 0

Diagram n: 435
0 2 1 0 1
0 0 2 0 0
0 0 0 1 0
0 0 0 0 1
0 0 0 0 0

Diagram n: 436
0 1 1 0 2
0 0 1 0 0
0 0 0 2 0
0 0 0 0 2
0 0 0 0 0

Diagram n: 437
0 1 2 0 1
0 0 1 0 0
0 0 0 1 0
0 0 0 0 1
0 0 0 0 0

Diagram n: 438
0 1 2 0 1
0 0 1 0 0
0 0 0 1 0
0 0 0 0 3
0 0 0 0 0

Diagram n: 439
0 0 1 1 2
0 0 2 0 0
0 0 0 1 0
0 0 0 0 2
0 0 0 0 0

Diagram n: 440
0 0 1 2 1
0 0 2 0 0
0 0 0 1 0
0 0 0 0 1
0 0 0 0 0

Diagram n: 441
0 2 0 1 1
0 0 2 0 0
0 0 0 2 0
0 0 0 0 1
0 0 0 0 0

Diagram n: 442
0 1 0 1 2
0 0 1 0 0
0 0 0 1 0
0 0 0 0 2
0 0 0 0 0

Diagram n: 443
0 1 0 2 1
0 0 1 0 0
0 0 0 1 0
0 0 0 0 1
0 0 0 0 0

Diagram n: 444
0 1 0 2 1
0 0 3 0 0
0 0 0 1 0
0 0 0 0 1
0 0 0 0 0

Diagram n: 445
0 2 1 1 0
0 0 2 0 0
0 0 0 1 0
0 0 0 0 2
0 0 0 0 0

Diagram n: 446
0 1 2 1 0
0 0 1 0 0
0 0 0 1 0
0 0 0 0 2
0 0 0 0 0

Diagram n: 447
0 2 0 1 1
0 0 1 1 0
0 0 0 1 0
0 0 0 0 1
0 0 0 0 0

Diagram n: 448
0 0 2 1 1
0 0 1 1 0
0 0 0 1 0
0 0 0 0 1
0 0 0 0 0

Diagram n: 449
0 1 2 0 1
0 0 1 2 0
0 0 0 1 0
0 0 0 0 1
0 0 0 0 0

Diagram n: 450
0 2 1 0 1
0 0 1 1 0
0 0 0 2 0
0 0 0 0 1
0 0 0 0 0

Diagram n: 451
0 1 1 0 2
0 0 0 1 0
0 0 0 1 0
0 0 0 0 2
0 0 0 0 0

Diagram n: 452
0 1 2 0 1
0 0 0 1 0
0 0 0 2 0
0 0 0 0 1
0 0 0 0 0

Diagram n: 453
0 2 1 1 0
0 0 0 1 1
0 0 0 1 0
0 0 0 0 1
0 0 0 0 0

Diagram n: 454
0 0 1 1 2
0 0 0 1 1
0 0 0 1 0
0 0 0 0 1
0 0 0 0 0

Diagram n: 455
0 1 1 0 2
0 0 0 2 1
0 0 0 1 0
0 0 0 0 1
0 0 0 0 0

Diagram n: 456
0 2 1 0 1
0 0 0 1 1
0 0 0 1 0
0 0 0 0 2
0 0 0 0 0

Diagram n: 457
0 1 0 1 2
0 0 1 1 1
0 0 0 1 0
0 0 0 0 1
0 0 0 0 0

Diagram n: 458
0 1 2 1 0
0 0 1 1 1
0 0 0 1 0
0 0 0 0 1
0 0 0 0 0

Diagram n: 459
0 1 1 2 0
0 0 2 0 1
0 0 0 1 0
0 0 0 0 1
0 0 0 0 0

Diagram n: 460
0 2 1 1 0
0 0 1 0 1
0 0 0 2 0
0 0 0 0 1
0 0 0 0 0

Diagram n: 461
0 1 0 2 1
0 0 1 0 2
0 0 0 1 0
0 0 0 0 1
0 0 0 0 0

Diagram n: 462
0 2 0 1 1
0 0 1 0 1
0 0 0 1 0
0 0 0 0 2
0 0 0 0 0

Diagram n: 463
0 0 1 1 2
0 0 1 0 1
0 0 0 2 0
0 0 0 0 1
0 0 0 0 0

Diagram n: 464
0 0 2 1 1
0 0 1 0 1
0 0 0 1 0
0 0 0 0 2
0 0 0 0 0

Diagram n: 465
0 1 2 0 1
0 0 1 0 2
0 0 0 1 0
0 0 0 0 1
0 0 0 0 0

Diagram n: 466
0 1 1 0 2
0 0 2 0 1
0 0 0 1 0
0 0 0 0 1
0 0 0 0 0

Diagram n: 467
0 2 1 0 1
0 0 0 0 2
0 0 0 1 0
0 0 0 0 1
0 0 0 0 0

Diagram n: 468
0 1 1 0 2
0 0 0 0 1
0 0 0 3 0
0 0 0 0 1
0 0 0 0 0

Diagram n: 469
0 1 1 0 2
0 0 0 0 1
0 0 0 1 0
0 0 0 0 1
0 0 0 0 0

Diagram n: 470
0 1 2 0 1
0 0 0 0 1
0 0 0 2 0
0 0 0 0 2
0 0 0 0 0

Diagram n: 471
0 0 2 1 1
0 0 0 0 2
0 0 0 2 0
0 0 0 0 1
0 0 0 0 0

Diagram n: 472
0 0 1 2 1
0 0 0 0 2
0 0 0 1 0
0 0 0 0 1
0 0 0 0 0

Diagram n: 473
0 2 0 1 1
0 0 0 0 2
0 0 0 2 0
0 0 0 0 1
0 0 0 0 0

Diagram n: 474
0 1 0 1 2
0 0 0 0 1
0 0 0 2 0
0 0 0 0 1
0 0 0 0 0

Diagram n: 475
0 2 1 1 0
0 0 0 0 2
0 0 0 1 0
0 0 0 0 2
0 0 0 0 0

Diagram n: 476
0 1 1 2 0
0 0 0 0 1
0 0 0 1 0
0 0 0 0 1
0 0 0 0 0

Diagram n: 477
0 1 1 2 0
0 0 0 0 3
0 0 0 1 0
0 0 0 0 1
0 0 0 0 0

Diagram n: 478
0 1 2 1 0
0 0 0 0 1
0 0 0 2 0
0 0 0 0 1
0 0 0 0 0

Diagram n: 479
0 1 2 1 0
0 0 0 0 1
0 0 0 0 0
0 0 0 0 1
0 0 0 0 0

Diagram n: 480
0 1 2 1 0
0 0 0 0 1
0 0 0 0 0
0 0 0 0 3
0 0 0 0 0

Diagram n: 481
0 1 2 0 1
0 0 0 0 1
0 0 0 0 0
0 0 0 0 2
0 0 0 0 0

Diagram n: 482
0 2 1 0 1
0 0 1 0 1
0 0 0 0 0
0 0 0 0 2
0 0 0 0 0

Diagram n: 483
0 1 2 0 1
0 0 2 0 1
0 0 0 0 0
0 0 0 0 2
0 0 0 0 0

Diagram n: 484
0 0 2 1 1
0 0 2 0 2
0 0 0 0 0
0 0 0 0 1
0 0 0 0 0

Diagram n: 485
0 0 1 1 2
0 0 1 0 1
0 0 0 0 0
0 0 0 0 1
0 0 0 0 0

Diagram n: 486
0 0 1 1 2
0 0 3 0 1
0 0 0 0 0
0 0 0 0 1
0 0 0 0 0

Diagram n: 487
0 0 1 2 1
0 0 1 0 1
0 0 0 0 0
0 0 0 0 2
0 0 0 0 0

Diagram n: 488
0 1 0 1 2
0 0 2 0 1
0 0 0 0 0
0 0 0 0 1
0 0 0 0 0

Diagram n: 489
0 1 0 2 1
0 0 2 0 1
0 0 0 0 0
0 0 0 0 2
0 0 0 0 0

Diagram n: 490
0 2 1 1 0
0 0 1 0 1
0 0 0 0 0
0 0 0 0 1
0 0 0 0 0

Diagram n: 491
0 2 1 1 0
0 0 1 0 1
0 0 0 0 0
0 0 0 0 3
0 0 0 0 0

Diagram n: 492
0 1 1 2 0
0 0 1 0 2
0 0 0 0 0
0 0 0 0 2
0 0 0 0 0

Diagram n: 493
0 1 2 1 0
0 0 2 0 1
0 0 0 0 0
0 0 0 0 1
0 0 0 0 0

Diagram n: 494
0 1 1 2 0
0 0 1 1 1
0 0 0 0 0
0 0 0 0 1
0 0 0 0 0

Diagram n: 495
0 0 1 2 1
0 0 1 1 2
0 0 0 0 0
0 0 0 0 1
0 0 0 0 0

Diagram n: 496
0 0 1 1 2
0 0 1 2 1
0 0 0 0 0
0 0 0 0 1
0 0 0 0 0

Diagram n: 497
0 1 1 0 2
0 0 1 1 1
0 0 0 0 0
0 0 0 0 1
0 0 0 0 0

Diagram n: 498
0 1 2 0 1
0 0 0 1 2
0 0 0 0 0
0 0 0 0 1
0 0 0 0 0

Diagram n: 499
0 1 2 0 1
0 0 0 2 1
0 0 0 0 0
0 0 0 0 2
0 0 0 0 0

Diagram n: 500
0 0 2 1 1
0 0 0 1 1
0 0 0 0 0
0 0 0 0 2
0 0 0 0 0

Diagram n: 501
0 0 2 1 1
0 0 0 2 2
0 0 0 0 0
0 0 0 0 1
0 0 0 0 0

Diagram n: 502
0 1 2 1 0
0 0 0 1 2
0 0 0 0 0
0 0 0 0 2
0 0 0 0 0

Diagram n: 503
0 1 2 1 0
0 0 0 2 1
0 0 0 0 0
0 0 0 0 1
0 0 0 0 0

Diagram n: 504
0 1 2 1 0
0 0 0 1 0
0 0 0 0 0
0 0 0 0 2
0 0 0 0 0

Diagram n: 505
0 0 2 1 1
0 0 0 2 0
0 0 0 0 0
0 0 0 0 1
0 0 0 0 0

Diagram n: 506
0 1 2 0 1
0 0 0 3 0
0 0 0 0 0
0 0 0 0 1
0 0 0 0 0

Diagram n: 507
0 1 2 0 1
0 0 0 1 0
0 0 0 0 0
0 0 0 0 1
0 0 0 0 0

Diagram n: 508
0 1 2 0 1
0 0 0 1 0
0 0 0 0 0
0 0 0 0 3
0 0 0 0 0

Diagram n: 509
0 2 1 0 1
0 0 1 1 0
0 0 0 0 0
0 0 0 0 1
0 0 0 0 0

Diagram n: 510
0 2 1 0 1
0 0 1 1 0
0 0 0 0 0
0 0 0 0 3
0 0 0 0 0

Diagram n: 511
0 1 1 0 2
0 0 1 2 0
0 0 0 0 0
0 0 0 0 2
0 0 0 0 0

Diagram n: 512
0 1 2 0 1
0 0 2 1 0
0 0 0 0 0
0 0 0 0 1
0 0 0 0 0

Diagram n: 513
0 0 2 1 1
0 0 2 2 0
0 0 0 0 0
0 0 0 0 1
0 0 0 0 0

Diagram n: 514
0 0 1 1 2
0 0 1 1 0
0 0 0 0 0
0 0 0 0 2
0 0 0 0 0

Diagram n: 515
0 0 1 2 1
0 0 1 1 0
0 0 0 0 0
0 0 0 0 1
0 0 0 0 0

Diagram n: 516
0 0 1 2 1
0 0 3 1 0
0 0 0 0 0
0 0 0 0 1
0 0 0 0 0

Diagram n: 517
0 1 0 1 2
0 0 2 1 0
0 0 0 0 0
0 0 0 0 2
0 0 0 0 0

Diagram n: 518
0 1 0 2 1
0 0 2 1 0
0 0 0 0 0
0 0 0 0 1
0 0 0 0 0

Diagram n: 519
0 2 1 1 0
0 0 1 1 0
0 0 0 0 0
0 0 0 0 2
0 0 0 0 0

Diagram n: 520
0 1 2 1 0
0 0 2 1 0
0 0 0 0 0
0 0 0 0 2
0 0 0 0 0

Diagram n: 521
0 2 0 1 1
0 0 2 0 0
0 0 0 0 0
0 0 0 0 1
0 0 0 0 0

Diagram n: 522
0 2 0 1 1
0 0 2 0 0
0 0 0 0 0
0 0 0 0 3
0 0 0 0 0

Diagram n: 523
0 1 1 0 2
0 0 3 0 0
0 0 0 0 0
0 0 0 0 2
0 0 0 0 0

Diagram n: 524
0 1 1 0 2
0 0 1 0 0
0 0 0 0 0
0 0 0 0 2
0 0 0 0 0

Diagram n: 525
0 2 0 0 2
0 0 0 0 0
0 0 0 2 2
0 0 0 0 0
0 0 0 0 0

Diagram n: 526
0 2 2 0 0
0 0 0 1 1
0 0 0 1 1
0 0 0 0 0
0 0 0 0 0

Diagram n: 527
0 0 0 2 2
0 0 0 1 1
0 0 0 1 1
0 0 0 0 0
0 0 0 0 0

Diagram n: 528
0 2 0 0 2
0 0 0 1 1
0 0 0 1 1
0 0 0 0 0
0 0 0 0 0

Diagram n: 529
0 2 0 2 0
0 0 1 0 1
0 0 0 2 1
0 0 0 0 0
0 0 0 0 0

Diagram n: 530
0 0 0 2 2
0 0 1 0 1
0 0 0 2 1
0 0 0 0 0
0 0 0 0 0

Diagram n: 531
0 2 0 0 2
0 0 1 0 1
0 0 0 2 1
0 0 0 0 0
0 0 0 0 0

Diagram n: 532
0 0 2 2 0
0 0 1 1 0
0 0 0 0 1
0 0 0 0 1
0 0 0 0 0

Diagram n: 533
0 2 0 2 0
0 0 1 1 0
0 0 0 0 1
0 0 0 0 1
0 0 0 0 0

Diagram n: 534
0 0 2 0 2
0 0 1 1 0
0 0 0 0 1
0 0 0 0 1
0 0 0 0 0

Diagram n: 535
0 2 0 0 2
0 0 1 1 0
0 0 0 0 1
0 0 0 0 1
0 0 0 0 0

Diagram n: 536
0 2 2 0 0
0 0 0 0 2
0 0 0 1 1
0 0 0 0 1
0 0 0 0 0

Diagram n: 537
0 0 2 2 0
0 0 0 0 2
0 0 0 1 1
0 0 0 0 1
0 0 0 0 0

Diagram n: 538
0 2 0 2 0
0 0 0 0 2
0 0 0 1 1
0 0 0 0 1
0 0 0 0 0

Diagram n: 539
0 2 0 2 0
0 0 2 0 0
0 0 0 1 1
0 0 0 0 1
0 0 0 0 0

Diagram n: 540
0 0 0 2 2
0 0 2 0 0
0 0 0 1 1
0 0 0 0 1
0 0 0 0 0

Diagram n: 541
0 2 0 0 2
0 0 2 0 0
0 0 0 1 1
0 0 0 0 1
0 0 0 0 0

Diagram n: 542
0 2 2 0 0
0 0 1 1 0
0 0 0 1 0
0 0 0 0 2
0 0 0 0 0

Diagram n: 543
0 0 2 0 2
0 0 1 1 0
0 0 0 1 0
0 0 0 0 2
0 0 0 0 0

Diagram n: 544
0 2 0 0 2
0 0 1 1 0
0 0 0 1 0
0 0 0 0 2
0 0 0 0 0

Diagram n: 545
0 2 2 0 0
0 0 0 1 1
0 0 0 2 0
0 0 0 0 1
0 0 0 0 0

Diagram n: 546
0 0 2 0 2
0 0 0 1 1
0 0 0 2 0
0 0 0 0 1
0 0 0 0 0

Diagram n: 547
0 2 0 0 2
0 0 0 1 1
0 0 0 2 0
0 0 0 0 1
0 0 0 0 0

Diagram n: 548
0 2 2 0 0
0 0 1 0 1
0 0 0 1 0
0 0 0 0 1
0 0 0 0 0

Diagram n: 549
0 0 2 2 0
0 0 1 0 1
0 0 0 1 0
0 0 0 0 1
0 0 0 0 0

Diagram n: 550
0 2 0 2 0
0 0 1 0 1
0 0 0 1 0
0 0 0 0 1
0 0 0 0 0

Diagram n: 551
0 0 0 2 2
0 0 1 0 1
0 0 0 1 0
0 0 0 0 1
0 0 0 0 0

Diagram n: 552
0 0 2 0 2
0 0 1 0 1
0 0 0 1 0
0 0 0 0 1
0 0 0 0 0

Diagram n: 553
0 2 0 0 2
0 0 1 0 1
0 0 0 1 0
0 0 0 0 1
0 0 0 0 0

Diagram n: 554
0 0 2 2 0
0 0 0 0 2
0 0 0 0 0
0 0 0 0 2
0 0 0 0 0

Diagram n: 555
0 0 2 2 0
0 0 2 1 1
0 0 0 0 0
0 0 0 0 1
0 0 0 0 0

Diagram n: 556
0 0 0 2 2
0 0 2 1 1
0 0 0 0 0
0 0 0 0 1
0 0 0 0 0

Diagram n: 557
0 0 2 0 2
0 0 2 1 1
0 0 0 0 0
0 0 0 0 1
0 0 0 0 0

Diagram n: 558
0 0 2 0 2
0 0 0 1 1
0 0 0 0 0
0 0 0 0 1
0 0 0 0 0

Diagram n: 559
0 0 2 0 2
0 0 0 3 1
0 0 0 0 0
0 0 0 0 1
0 0 0 0 0

Diagram n: 560
0 0 2 2 0
0 0 0 1 3
0 0 0 0 0
0 0 0 0 1
0 0 0 0 0

Diagram n: 561
0 0 2 2 0
0 0 0 1 1
0 0 0 0 0
0 0 0 0 1
0 0 0 0 0

Diagram n: 562
0 2 2 0 0
0 0 0 1 1
0 0 0 0 0
0 0 0 0 1
0 0 0 0 0

Diagram n: 563
0 2 2 0 0
0 0 0 1 1
0 0 0 0 0
0 0 0 0 3
0 0 0 0 0

Diagram n: 564
0 2 2 0 0
0 0 0 2 0
0 0 0 0 0
0 0 0 0 2
0 0 0 0 0

Diagram n: 565
0 0 2 0 2
0 0 0 2 0
0 0 0 0 0
0 0 0 0 2
0 0 0 0 0

Diagram n: 566
0 2 0 2 0
0 0 2 0 0
0 0 0 0 0
0 0 0 0 2
0 0 0 0 0

Diagram n: 567
0 0 2 0 2
0 0 2 0 0
0 0 0 0 0
0 0 0 0 2
0 0 0 0 0

Diagram n: 568
0 2 0 0 2
0 0 2 0 0
0 0 0 0 0
0 0 0 0 2
0 0 0 0 0

