Diagram n: 1
0 0 1 3
0 0 3 1
0 0 0 0
0 0 0 0

Diagram n: 2
0 0 2 2
0 0 2 2
0 0 0 0
0 0 0 0

Diagram n: 3
0 1 0 3
0 0 3 0
0 0 0 1
0 0 0 0

Diagram n: 4
0 1 1 2
0 0 2 1
0 0 0 1
0 0 0 0

Diagram n: 5
0 1 2 1
0 0 1 2
0 0 0 1
0 0 0 0

Diagram n: 6
0 1 3 0
0 0 0 3
0 0 0 1
0 0 0 0

Diagram n: 7
0 2 0 2
0 0 2 0
0 0 0 2
0 0 0 0

Diagram n: 8
0 2 1 1
0 0 1 1
0 0 0 2
0 0 0 0

Diagram n: 9
0 2 2 0
0 0 0 2
0 0 0 2
0 0 0 0

Diagram n: 10
0 3 0 1
0 0 1 0
0 0 0 3
0 0 0 0

Diagram n: 11
0 0 0 2
0 0 3 1
0 0 0 1
0 0 0 0

Diagram n: 12
0 0 1 1
0 0 2 2
0 0 0 1
0 0 0 0

Diagram n: 13
0 0 2 0
0 0 1 3
0 0 0 1
0 0 0 0

Diagram n: 14
0 1 0 1
0 0 2 1
0 0 0 2
0 0 0 0

Diagram n: 15
0 1 1 0
0 0 1 2
0 0 0 2
0 0 0 0

Diagram n: 16
0 2 0 0
0 0 1 1
0 0 0 3
0 0 0 0

Diagram n: 17
0 0 0 2
0 0 1 1
0 0 0 1
0 0 0 0

Diagram n: 18
0 0 0 2
0 0 2 0
0 0 0 2
0 0 0 0

Diagram n: 19
0 0 0 2
0 0 2 2
0 0 0 0
0 0 0 0

Diagram n: 20
0 0 1 1
0 0 0 2
0 0 0 1
0 0 0 0

Diagram n: 21
0 0 1 1
0 0 1 1
0 0 0 0
0 0 0 0

Diagram n: 22
0 0 1 1
0 0 1 1
0 0 0 2
0 0 0 0

Diagram n: 23
0 0 1 1
0 0 1 3
0 0 0 0
0 0 0 0

Diagram n: 24
0 0 1 1
0 0 2 0
0 0 0 1
0 0 0 0

Diagram n: 25
0 0 1 3
0 0 1 1
0 0 0 0
0 0 0 0

Diagram n: 26
0 0 1 3
0 0 2 0
0 0 0 1
0 0 0 0

Diagram n: 27
0 0 2 0
0 0 0 2
0 0 0 2
0 0 0 0

Diagram n: 28
0 0 2 0
0 0 1 1
0 0 0 1
0 0 0 0

Diagram n: 29
0 0 2 2
0 0 0 2
0 0 0 0
0 0 0 0

Diagram n: 30
0 0 2 2
0 0 1 1
0 0 0 1
0 0 0 0

Diagram n: 31
0 0 3 1
0 0 0 2
0 0 0 1
0 0 0 0

Diagram n: 32
0 1 0 1
0 0 1 0
0 0 0 1
0 0 0 0

Diagram n: 33
0 1 0 1
0 0 1 0
0 0 0 3
0 0 0 0

Diagram n: 34
0 1 0 1
0 0 1 2
0 0 0 1
0 0 0 0

Diagram n: 35
0 1 0 1
0 0 2 1
0 0 0 0
0 0 0 0

Diagram n: 36
0 1 0 1
0 0 3 0
0 0 0 1
0 0 0 0

Diagram n: 37
0 1 0 3
0 0 1 0
0 0 0 1
0 0 0 0

Diagram n: 38
0 1 0 3
0 0 2 1
0 0 0 0
0 0 0 0

Diagram n: 39
0 1 1 0
0 0 0 1
0 0 0 1
0 0 0 0

Diagram n: 40
0 1 1 0
0 0 0 1
0 0 0 3
0 0 0 0

Diagram n: 41
0 1 1 0
0 0 1 0
0 0 0 2
0 0 0 0

Diagram n: 42
0 1 1 0
0 0 2 1
0 0 0 1
0 0 0 0

Diagram n: 43
0 1 1 2
0 0 0 1
0 0 0 1
0 0 0 0

Diagram n: 44
0 1 1 2
0 0 1 0
0 0 0 0
0 0 0 0

Diagram n: 45
0 1 1 2
0 0 1 0
0 0 0 2
0 0 0 0

Diagram n: 46
0 1 1 2
0 0 1 2
0 0 0 0
0 0 0 0

Diagram n: 47
0 1 1 2
0 0 3 0
0 0 0 0
0 0 0 0

Diagram n: 48
0 1 2 1
0 0 0 1
0 0 0 2
0 0 0 0

Diagram n: 49
0 1 2 1
0 0 1 0
0 0 0 1
0 0 0 0

Diagram n: 50
0 1 3 0
0 0 0 1
0 0 0 1
0 0 0 0

Diagram n: 51
0 2 0 0
0 0 1 1
0 0 0 1
0 0 0 0

Diagram n: 52
0 2 0 0
0 0 2 0
0 0 0 2
0 0 0 0

Diagram n: 53
0 2 0 2
0 0 1 1
0 0 0 1
0 0 0 0

Diagram n: 54
0 2 0 2
0 0 2 0
0 0 0 0
0 0 0 0

Diagram n: 55
0 2 1 1
0 0 1 1
0 0 0 0
0 0 0 0

Diagram n: 56
0 2 1 1
0 0 2 0
0 0 0 1
0 0 0 0

Diagram n: 57
0 2 2 0
0 0 1 1
0 0 0 1
0 0 0 0

Diagram n: 58
0 3 0 1
0 0 1 0
0 0 0 1
0 0 0 0

Diagram n: 59
0 3 1 0
0 0 1 0
0 0 0 2
0 0 0 0

