Diagram n: 1
0 0 1 3
0 0 3 1
0 0 0 0
0 0 0 0

Diagram n: 2
0 0 2 2
0 0 2 2
0 0 0 0
0 0 0 0

Diagram n: 3
0 1 0 3
0 0 3 0
0 0 0 1
0 0 0 0

Diagram n: 4
0 1 1 2
0 0 2 1
0 0 0 1
0 0 0 0

Diagram n: 5
0 1 2 1
0 0 1 2
0 0 0 1
0 0 0 0

Diagram n: 6
0 1 3 0
0 0 0 3
0 0 0 1
0 0 0 0

Diagram n: 7
0 2 0 2
0 0 2 0
0 0 0 2
0 0 0 0

Diagram n: 8
0 2 1 1
0 0 1 1
0 0 0 2
0 0 0 0

Diagram n: 9
0 2 2 0
0 0 0 2
0 0 0 2
0 0 0 0

Diagram n: 10
0 3 0 1
0 0 1 0
0 0 0 3
0 0 0 0

Diagram n: 11
0 0 0 2
0 0 3 1
0 0 0 1
0 0 0 0

Diagram n: 12
0 0 1 1
0 0 2 2
0 0 0 1
0 0 0 0

Diagram n: 13
0 0 2 0
0 0 1 3
0 0 0 1
0 0 0 0

Diagram n: 14
0 1 0 1
0 0 2 1
0 0 0 2
0 0 0 0

Diagram n: 15
0 1 1 0
0 0 1 2
0 0 0 2
0 0 0 0

Diagram n: 16
0 2 0 0
0 0 1 1
0 0 0 3
0 0 0 0

Diagram n: 17
0 0 0 2
0 0 1 1
0 0 0 1
0 0 0 0

Diagram n: 18
0 0 0 2
0 0 2 0
0 0 0 2
0 0 0 0

Diagram n: 19
0 0 0 2
0 0 2 2
0 0 0 0
0 0 0 0

Diagram n: 20
0 0 1 1
0 0 0 2
0 0 0 1
0 0 0 0

Diagram n: 21
0 0 1 1
0 0 1 1
0 0 0 0
0 0 0 0

Diagram n: 22
0 0 1 1
0 0 1 1
0 0 0 2
0 0 0 0

Diagram n: 23
0 0 1 1
0 0 1 3
0 0 0 0
0 0 0 0

Diagram n: 24
0 0 1 1
0 0 2 0
0 0 0 1
0 0 0 0

Diagram n: 25
0 0 1 3
0 0 1 1
0 0 0 0
0 0 0 0

Diagram n: 26
0 0 1 3
0 0 2 0
0 0 0 1
0 0 0 0

Diagram n: 27
0 0 2 0
0 0 0 2
0 0 0 2
0 0 0 0

Diagram n: 28
0 0 2 0
0 0 1 1
0 0 0 1
0 0 0 0

Diagram n: 29
0 0 2 2
0 0 0 2
0 0 0 0
0 0 0 0

Diagram n: 30
0 0 2 2
0 0 1 1
0 0 0 1
0 0 0 0

Diagram n: 31
0 0 3 1
0 0 0 2
0 0 0 1
0 0 0 0

Diagram n: 32
0 1 0 1
0 0 1 0
0 0 0 1
0 0 0 0

Diagram n: 33
0 1 0 1
0 0 1 0
0 0 0 3
0 0 0 0

Diagram n: 34
0 1 0 1
0 0 1 2
0 0 0 1
0 0 0 0

Diagram n: 35
0 1 0 1
0 0 2 1
0 0 0 0
0 0 0 0

Diagram n: 36
0 1 0 1
0 0 3 0
0 0 0 1
0 0 0 0

Diagram n: 37
0 1 0 3
0 0 1 0
0 0 0 1
0 0 0 0

Diagram n: 38
0 1 0 3
0 0 2 1
0 0 0 0
0 0 0 0

Diagram n: 39
0 1 1 0
0 0 0 1
0 0 0 1
0 0 0 0

Diagram n: 40
0 1 1 0
0 0 0 1
0 0 0 3
0 0 0 0

Diagram n: 41
0 1 1 0
0 0 1 0
0 0 0 2
0 0 0 0

Diagram n: 42
0 1 1 0
0 0 2 1
0 0 0 1
0 0 0 0

Diagram n: 43
0 1 1 2
0 0 0 1
0 0 0 1
0 0 0 0

Diagram n: 44
0 1 1 2
0 0 1 0
0 0 0 0
0 0 0 0

Diagram n: 45
0 1 1 2
0 0 1 0
0 0 0 2
0 0 0 0

Diagram n: 46
0 1 1 2
0 0 1 2
0 0 0 0
0 0 0 0

Diagram n: 47
0 1 1 2
0 0 3 0
0 0 0 0
0 0 0 0

Diagram n: 48
0 1 2 1
0 0 0 1
0 0 0 2
0 0 0 0

Diagram n: 49
0 1 2 1
0 0 1 0
0 0 0 1
0 0 0 0

Diagram n: 50
0 1 3 0
0 0 0 1
0 0 0 1
0 0 0 0

Diagram n: 51
0 2 0 0
0 0 1 1
0 0 0 1
0 0 0 0

Diagram n: 52
0 2 0 0
0 0 2 0
0 0 0 2
0 0 0 0

Diagram n: 53
0 2 0 2
0 0 1 1
0 0 0 1
0 0 0 0

Diagram n: 54
0 2 0 2
0 0 2 0
0 0 0 0
0 0 0 0

Diagram n: 55
0 2 1 1
0 0 1 1
0 0 0 0
0 0 0 0

Diagram n: 56
0 2 1 1
0 0 2 0
0 0 0 1
0 0 0 0

Diagram n: 57
0 2 2 0
0 0 1 1
0 0 0 1
0 0 0 0

Diagram n: 58
0 3 0 1
0 0 1 0
0 0 0 1
0 0 0 0

Diagram n: 59
0 3 1 0
0 0 1 0
0 0 0 2
0 0 0 0

Diagram n: 60
0 0 0 4
0 0 3 1
0 0 0 1
0 0 0 0

Diagram n: 61
0 0 0 4
0 0 4 0
0 0 0 2
0 0 0 0

Diagram n: 62
0 0 0 4
0 0 4 2
0 0 0 0
0 0 0 0

Diagram n: 63
0 0 0 4
0 0 5 1
0 0 0 1
0 0 0 0

Diagram n: 64
0 0 1 3
0 0 2 2
0 0 0 1
0 0 0 0

Diagram n: 65
0 0 1 3
0 0 3 1
0 0 0 2
0 0 0 0

Diagram n: 66
0 0 1 3
0 0 3 3
0 0 0 0
0 0 0 0

Diagram n: 67
0 0 1 3
0 0 4 0
0 0 0 1
0 0 0 0

Diagram n: 68
0 0 1 3
0 0 4 2
0 0 0 1
0 0 0 0

Diagram n: 69
0 0 1 3
0 0 5 1
0 0 0 0
0 0 0 0

Diagram n: 70
0 0 1 5
0 0 3 1
0 0 0 0
0 0 0 0

Diagram n: 71
0 0 1 5
0 0 4 0
0 0 0 1
0 0 0 0

Diagram n: 72
0 0 1 5
0 0 5 1
0 0 0 0
0 0 0 0

Diagram n: 73
0 0 2 2
0 0 1 3
0 0 0 1
0 0 0 0

Diagram n: 74
0 0 2 2
0 0 2 2
0 0 0 2
0 0 0 0

Diagram n: 75
0 0 2 2
0 0 2 4
0 0 0 0
0 0 0 0

Diagram n: 76
0 0 2 2
0 0 3 1
0 0 0 1
0 0 0 0

Diagram n: 77
0 0 2 2
0 0 3 3
0 0 0 1
0 0 0 0

Diagram n: 78
0 0 2 4
0 0 2 2
0 0 0 0
0 0 0 0

Diagram n: 79
0 0 2 4
0 0 3 1
0 0 0 1
0 0 0 0

Diagram n: 80
0 0 2 4
0 0 4 0
0 0 0 0
0 0 0 0

Diagram n: 81
0 0 2 4
0 0 4 2
0 0 0 0
0 0 0 0

Diagram n: 82
0 0 3 1
0 0 0 4
0 0 0 1
0 0 0 0

Diagram n: 83
0 0 3 1
0 0 1 3
0 0 0 2
0 0 0 0

Diagram n: 84
0 0 3 1
0 0 2 2
0 0 0 1
0 0 0 0

Diagram n: 85
0 0 3 1
0 0 2 4
0 0 0 1
0 0 0 0

Diagram n: 86
0 0 3 3
0 0 1 3
0 0 0 0
0 0 0 0

Diagram n: 87
0 0 3 3
0 0 2 2
0 0 0 1
0 0 0 0

Diagram n: 88
0 0 3 3
0 0 3 3
0 0 0 0
0 0 0 0

Diagram n: 89
0 0 4 0
0 0 0 4
0 0 0 2
0 0 0 0

Diagram n: 90
0 0 4 0
0 0 1 3
0 0 0 1
0 0 0 0

Diagram n: 91
0 0 4 0
0 0 1 5
0 0 0 1
0 0 0 0

Diagram n: 92
0 0 4 2
0 0 1 3
0 0 0 1
0 0 0 0

Diagram n: 93
0 0 5 1
0 0 0 4
0 0 0 1
0 0 0 0

Diagram n: 94
0 1 0 3
0 0 2 1
0 0 0 2
0 0 0 0

Diagram n: 95
0 1 0 3
0 0 3 0
0 0 0 3
0 0 0 0

Diagram n: 96
0 1 0 3
0 0 3 2
0 0 0 1
0 0 0 0

Diagram n: 97
0 1 0 3
0 0 4 1
0 0 0 0
0 0 0 0

Diagram n: 98
0 1 0 3
0 0 4 1
0 0 0 2
0 0 0 0

Diagram n: 99
0 1 0 3
0 0 5 0
0 0 0 1
0 0 0 0

Diagram n: 100
0 1 0 5
0 0 3 0
0 0 0 1
0 0 0 0

Diagram n: 101
0 1 0 5
0 0 4 1
0 0 0 0
0 0 0 0

Diagram n: 102
0 1 0 5
0 0 5 0
0 0 0 1
0 0 0 0

Diagram n: 103
0 1 1 2
0 0 1 2
0 0 0 2
0 0 0 0

Diagram n: 104
0 1 1 2
0 0 2 1
0 0 0 3
0 0 0 0

Diagram n: 105
0 1 1 2
0 0 2 3
0 0 0 1
0 0 0 0

Diagram n: 106
0 1 1 2
0 0 3 0
0 0 0 2
0 0 0 0

Diagram n: 107
0 1 1 2
0 0 3 2
0 0 0 0
0 0 0 0

Diagram n: 108
0 1 1 2
0 0 3 2
0 0 0 2
0 0 0 0

Diagram n: 109
0 1 1 2
0 0 4 1
0 0 0 1
0 0 0 0

Diagram n: 110
0 1 1 4
0 0 2 1
0 0 0 1
0 0 0 0

Diagram n: 111
0 1 1 4
0 0 3 0
0 0 0 0
0 0 0 0

Diagram n: 112
0 1 1 4
0 0 3 0
0 0 0 2
0 0 0 0

Diagram n: 113
0 1 1 4
0 0 3 2
0 0 0 0
0 0 0 0

Diagram n: 114
0 1 1 4
0 0 4 1
0 0 0 1
0 0 0 0

Diagram n: 115
0 1 1 4
0 0 5 0
0 0 0 0
0 0 0 0

Diagram n: 116
0 1 2 1
0 0 0 3
0 0 0 2
0 0 0 0

Diagram n: 117
0 1 2 1
0 0 1 2
0 0 0 3
0 0 0 0

Diagram n: 118
0 1 2 1
0 0 1 4
0 0 0 1
0 0 0 0

Diagram n: 119
0 1 2 1
0 0 2 1
0 0 0 2
0 0 0 0

Diagram n: 120
0 1 2 1
0 0 2 3
0 0 0 2
0 0 0 0

Diagram n: 121
0 1 2 1
0 0 3 2
0 0 0 1
0 0 0 0

Diagram n: 122
0 1 2 3
0 0 1 2
0 0 0 1
0 0 0 0

Diagram n: 123
0 1 2 3
0 0 2 1
0 0 0 0
0 0 0 0

Diagram n: 124
0 1 2 3
0 0 2 1
0 0 0 2
0 0 0 0

Diagram n: 125
0 1 2 3
0 0 2 3
0 0 0 0
0 0 0 0

Diagram n: 126
0 1 2 3
0 0 3 0
0 0 0 1
0 0 0 0

Diagram n: 127
0 1 2 3
0 0 3 2
0 0 0 1
0 0 0 0

Diagram n: 128
0 1 2 3
0 0 4 1
0 0 0 0
0 0 0 0

Diagram n: 129
0 1 3 0
0 0 0 3
0 0 0 3
0 0 0 0

Diagram n: 130
0 1 3 0
0 0 0 5
0 0 0 1
0 0 0 0

Diagram n: 131
0 1 3 0
0 0 1 2
0 0 0 2
0 0 0 0

Diagram n: 132
0 1 3 0
0 0 1 4
0 0 0 2
0 0 0 0

Diagram n: 133
0 1 3 0
0 0 2 3
0 0 0 1
0 0 0 0

Diagram n: 134
0 1 3 2
0 0 0 3
0 0 0 1
0 0 0 0

Diagram n: 135
0 1 3 2
0 0 1 2
0 0 0 2
0 0 0 0

Diagram n: 136
0 1 3 2
0 0 2 1
0 0 0 1
0 0 0 0

Diagram n: 137
0 1 3 2
0 0 2 3
0 0 0 1
0 0 0 0

Diagram n: 138
0 1 4 1
0 0 0 3
0 0 0 2
0 0 0 0

Diagram n: 139
0 1 4 1
0 0 1 2
0 0 0 1
0 0 0 0

Diagram n: 140
0 1 4 1
0 0 1 4
0 0 0 1
0 0 0 0

Diagram n: 141
0 1 5 0
0 0 0 3
0 0 0 1
0 0 0 0

Diagram n: 142
0 1 5 0
0 0 0 5
0 0 0 1
0 0 0 0

Diagram n: 143
0 2 0 2
0 0 1 1
0 0 0 3
0 0 0 0

Diagram n: 144
0 2 0 2
0 0 2 0
0 0 0 4
0 0 0 0

Diagram n: 145
0 2 0 2
0 0 2 2
0 0 0 2
0 0 0 0

Diagram n: 146
0 2 0 2
0 0 3 1
0 0 0 1
0 0 0 0

Diagram n: 147
0 2 0 2
0 0 3 1
0 0 0 3
0 0 0 0

Diagram n: 148
0 2 0 2
0 0 4 0
0 0 0 2
0 0 0 0

Diagram n: 149
0 2 0 4
0 0 2 0
0 0 0 2
0 0 0 0

Diagram n: 150
0 2 0 4
0 0 3 1
0 0 0 1
0 0 0 0

Diagram n: 151
0 2 0 4
0 0 4 0
0 0 0 0
0 0 0 0

Diagram n: 152
0 2 0 4
0 0 4 0
0 0 0 2
0 0 0 0

Diagram n: 153
0 2 1 1
0 0 1 1
0 0 0 4
0 0 0 0

Diagram n: 154
0 2 1 1
0 0 1 3
0 0 0 2
0 0 0 0

Diagram n: 155
0 2 1 1
0 0 2 0
0 0 0 3
0 0 0 0

Diagram n: 156
0 2 1 1
0 0 2 2
0 0 0 1
0 0 0 0

Diagram n: 157
0 2 1 1
0 0 2 2
0 0 0 3
0 0 0 0

Diagram n: 158
0 2 1 1
0 0 3 1
0 0 0 2
0 0 0 0

Diagram n: 159
0 2 1 3
0 0 1 1
0 0 0 2
0 0 0 0

Diagram n: 160
0 2 1 3
0 0 2 0
0 0 0 1
0 0 0 0

Diagram n: 161
0 2 1 3
0 0 2 0
0 0 0 3
0 0 0 0

Diagram n: 162
0 2 1 3
0 0 2 2
0 0 0 1
0 0 0 0

Diagram n: 163
0 2 1 3
0 0 3 1
0 0 0 0
0 0 0 0

Diagram n: 164
0 2 1 3
0 0 3 1
0 0 0 2
0 0 0 0

Diagram n: 165
0 2 1 3
0 0 4 0
0 0 0 1
0 0 0 0

Diagram n: 166
0 2 2 0
0 0 0 2
0 0 0 4
0 0 0 0

Diagram n: 167
0 2 2 0
0 0 1 1
0 0 0 3
0 0 0 0

Diagram n: 168
0 2 2 0
0 0 1 3
0 0 0 1
0 0 0 0

Diagram n: 169
0 2 2 0
0 0 1 3
0 0 0 3
0 0 0 0

Diagram n: 170
0 2 2 0
0 0 2 2
0 0 0 2
0 0 0 0

Diagram n: 171
0 2 2 2
0 0 0 2
0 0 0 2
0 0 0 0

Diagram n: 172
0 2 2 2
0 0 1 1
0 0 0 1
0 0 0 0

Diagram n: 173
0 2 2 2
0 0 1 1
0 0 0 3
0 0 0 0

Diagram n: 174
0 2 2 2
0 0 1 3
0 0 0 1
0 0 0 0

Diagram n: 175
0 2 2 2
0 0 2 0
0 0 0 2
0 0 0 0

Diagram n: 176
0 2 2 2
0 0 2 2
0 0 0 0
0 0 0 0

Diagram n: 177
0 2 2 2
0 0 2 2
0 0 0 2
0 0 0 0

Diagram n: 178
0 2 2 2
0 0 3 1
0 0 0 1
0 0 0 0

Diagram n: 179
0 2 3 1
0 0 0 2
0 0 0 1
0 0 0 0

Diagram n: 180
0 2 3 1
0 0 0 2
0 0 0 3
0 0 0 0

Diagram n: 181
0 2 3 1
0 0 0 4
0 0 0 1
0 0 0 0

Diagram n: 182
0 2 3 1
0 0 1 1
0 0 0 2
0 0 0 0

Diagram n: 183
0 2 3 1
0 0 1 3
0 0 0 2
0 0 0 0

Diagram n: 184
0 2 3 1
0 0 2 2
0 0 0 1
0 0 0 0

Diagram n: 185
0 2 4 0
0 0 0 2
0 0 0 2
0 0 0 0

Diagram n: 186
0 2 4 0
0 0 0 4
0 0 0 2
0 0 0 0

Diagram n: 187
0 2 4 0
0 0 1 3
0 0 0 1
0 0 0 0

Diagram n: 188
0 3 0 1
0 0 1 0
0 0 0 5
0 0 0 0

Diagram n: 189
0 3 0 1
0 0 1 2
0 0 0 3
0 0 0 0

Diagram n: 190
0 3 0 1
0 0 2 1
0 0 0 2
0 0 0 0

Diagram n: 191
0 3 0 1
0 0 2 1
0 0 0 4
0 0 0 0

Diagram n: 192
0 3 0 1
0 0 3 0
0 0 0 3
0 0 0 0

Diagram n: 193
0 3 0 3
0 0 1 0
0 0 0 3
0 0 0 0

Diagram n: 194
0 3 0 3
0 0 2 1
0 0 0 2
0 0 0 0

Diagram n: 195
0 3 0 3
0 0 3 0
0 0 0 1
0 0 0 0

Diagram n: 196
0 3 0 3
0 0 3 0
0 0 0 3
0 0 0 0

Diagram n: 197
0 3 1 0
0 0 1 0
0 0 0 4
0 0 0 0

Diagram n: 198
0 3 1 0
0 0 1 2
0 0 0 2
0 0 0 0

Diagram n: 199
0 3 1 0
0 0 1 2
0 0 0 4
0 0 0 0

Diagram n: 200
0 3 1 0
0 0 2 1
0 0 0 3
0 0 0 0

Diagram n: 201
0 3 1 2
0 0 1 0
0 0 0 2
0 0 0 0

Diagram n: 202
0 3 1 2
0 0 1 0
0 0 0 4
0 0 0 0

Diagram n: 203
0 3 1 2
0 0 1 2
0 0 0 2
0 0 0 0

Diagram n: 204
0 3 1 2
0 0 2 1
0 0 0 1
0 0 0 0

Diagram n: 205
0 3 1 2
0 0 2 1
0 0 0 3
0 0 0 0

Diagram n: 206
0 3 1 2
0 0 3 0
0 0 0 2
0 0 0 0

Diagram n: 207
0 3 2 1
0 0 1 0
0 0 0 3
0 0 0 0

Diagram n: 208
0 3 2 1
0 0 1 2
0 0 0 1
0 0 0 0

Diagram n: 209
0 3 2 1
0 0 1 2
0 0 0 3
0 0 0 0

Diagram n: 210
0 3 2 1
0 0 2 1
0 0 0 2
0 0 0 0

Diagram n: 211
0 3 3 0
0 0 0 1
0 0 0 3
0 0 0 0

Diagram n: 212
0 3 3 0
0 0 0 3
0 0 0 3
0 0 0 0

Diagram n: 213
0 3 3 0
0 0 1 2
0 0 0 2
0 0 0 0

Diagram n: 214
0 4 0 0
0 0 1 1
0 0 0 3
0 0 0 0

Diagram n: 215
0 4 0 0
0 0 1 1
0 0 0 5
0 0 0 0

Diagram n: 216
0 4 0 0
0 0 2 0
0 0 0 4
0 0 0 0

Diagram n: 217
0 4 0 2
0 0 1 1
0 0 0 3
0 0 0 0

Diagram n: 218
0 4 0 2
0 0 2 0
0 0 0 2
0 0 0 0

Diagram n: 219
0 4 0 2
0 0 2 0
0 0 0 4
0 0 0 0

Diagram n: 220
0 4 1 1
0 0 1 1
0 0 0 2
0 0 0 0

Diagram n: 221
0 4 1 1
0 0 1 1
0 0 0 4
0 0 0 0

Diagram n: 222
0 4 1 1
0 0 2 0
0 0 0 3
0 0 0 0

Diagram n: 223
0 4 2 0
0 0 1 1
0 0 0 3
0 0 0 0

Diagram n: 224
0 5 0 1
0 0 1 0
0 0 0 3
0 0 0 0

Diagram n: 225
0 5 0 1
0 0 1 0
0 0 0 5
0 0 0 0

Diagram n: 226
0 5 1 0
0 0 1 0
0 0 0 4
0 0 0 0

Diagram n: 227
0 0 0 2
0 0 2 2
0 0 0 2
0 0 0 0

Diagram n: 228
0 0 0 2
0 0 3 1
0 0 0 3
0 0 0 0

Diagram n: 229
0 0 0 2
0 0 3 3
0 0 0 1
0 0 0 0

Diagram n: 230
0 0 0 2
0 0 4 0
0 0 0 2
0 0 0 0

Diagram n: 231
0 0 0 2
0 0 4 2
0 0 0 0
0 0 0 0

Diagram n: 232
0 0 0 2
0 0 4 2
0 0 0 2
0 0 0 0

Diagram n: 233
0 0 0 2
0 0 5 1
0 0 0 1
0 0 0 0

Diagram n: 234
0 0 1 1
0 0 1 3
0 0 0 2
0 0 0 0

Diagram n: 235
0 0 1 1
0 0 2 2
0 0 0 3
0 0 0 0

Diagram n: 236
0 0 1 1
0 0 2 4
0 0 0 1
0 0 0 0

Diagram n: 237
0 0 1 1
0 0 3 1
0 0 0 2
0 0 0 0

Diagram n: 238
0 0 1 1
0 0 3 3
0 0 0 0
0 0 0 0

Diagram n: 239
0 0 1 1
0 0 3 3
0 0 0 2
0 0 0 0

Diagram n: 240
0 0 1 1
0 0 4 2
0 0 0 1
0 0 0 0

Diagram n: 241
0 0 2 0
0 0 0 4
0 0 0 2
0 0 0 0

Diagram n: 242
0 0 2 0
0 0 1 3
0 0 0 3
0 0 0 0

Diagram n: 243
0 0 2 0
0 0 1 5
0 0 0 1
0 0 0 0

Diagram n: 244
0 0 2 0
0 0 2 2
0 0 0 2
0 0 0 0

Diagram n: 245
0 0 2 0
0 0 2 4
0 0 0 2
0 0 0 0

Diagram n: 246
0 0 2 0
0 0 3 3
0 0 0 1
0 0 0 0

Diagram n: 247
0 1 0 1
0 0 1 2
0 0 0 3
0 0 0 0

Diagram n: 248
0 1 0 1
0 0 2 1
0 0 0 4
0 0 0 0

Diagram n: 249
0 1 0 1
0 0 2 3
0 0 0 2
0 0 0 0

Diagram n: 250
0 1 0 1
0 0 3 0
0 0 0 3
0 0 0 0

Diagram n: 251
0 1 0 1
0 0 3 2
0 0 0 1
0 0 0 0

Diagram n: 252
0 1 0 1
0 0 3 2
0 0 0 3
0 0 0 0

Diagram n: 253
0 1 0 1
0 0 4 1
0 0 0 2
0 0 0 0

Diagram n: 254
0 1 1 0
0 0 0 3
0 0 0 3
0 0 0 0

Diagram n: 255
0 1 1 0
0 0 1 2
0 0 0 4
0 0 0 0

Diagram n: 256
0 1 1 0
0 0 1 4
0 0 0 2
0 0 0 0

Diagram n: 257
0 1 1 0
0 0 2 1
0 0 0 3
0 0 0 0

Diagram n: 258
0 1 1 0
0 0 2 3
0 0 0 1
0 0 0 0

Diagram n: 259
0 1 1 0
0 0 2 3
0 0 0 3
0 0 0 0

Diagram n: 260
0 1 1 0
0 0 3 2
0 0 0 2
0 0 0 0

Diagram n: 261
0 2 0 0
0 0 1 1
0 0 0 5
0 0 0 0

Diagram n: 262
0 2 0 0
0 0 1 3
0 0 0 3
0 0 0 0

Diagram n: 263
0 2 0 0
0 0 2 0
0 0 0 4
0 0 0 0

Diagram n: 264
0 2 0 0
0 0 2 2
0 0 0 2
0 0 0 0

Diagram n: 265
0 2 0 0
0 0 2 2
0 0 0 4
0 0 0 0

Diagram n: 266
0 2 0 0
0 0 3 1
0 0 0 3
0 0 0 0

Diagram n: 267
0 0 0 2
0 0 0 2
0 0 0 2
0 0 0 0

Diagram n: 268
0 0 0 2
0 0 1 1
0 0 0 3
0 0 0 0

Diagram n: 269
0 0 0 2
0 0 1 3
0 0 0 1
0 0 0 0

Diagram n: 270
0 0 0 2
0 0 2 0
0 0 0 4
0 0 0 0

Diagram n: 271
0 0 0 2
0 0 2 4
0 0 0 0
0 0 0 0

Diagram n: 272
0 0 0 4
0 0 1 1
0 0 0 1
0 0 0 0

Diagram n: 273
0 0 0 4
0 0 2 0
0 0 0 2
0 0 0 0

Diagram n: 274
0 0 0 4
0 0 2 2
0 0 0 0
0 0 0 0

Diagram n: 275
0 0 1 1
0 0 0 2
0 0 0 3
0 0 0 0

Diagram n: 276
0 0 1 1
0 0 0 4
0 0 0 1
0 0 0 0

Diagram n: 277
0 0 1 1
0 0 1 1
0 0 0 4
0 0 0 0

Diagram n: 278
0 0 1 1
0 0 1 5
0 0 0 0
0 0 0 0

Diagram n: 279
0 0 1 1
0 0 2 0
0 0 0 3
0 0 0 0

Diagram n: 280
0 0 1 1
0 0 4 0
0 0 0 1
0 0 0 0

Diagram n: 281
0 0 1 3
0 0 0 2
0 0 0 1
0 0 0 0

Diagram n: 282
0 0 1 3
0 0 1 1
0 0 0 2
0 0 0 0

Diagram n: 283
0 0 1 3
0 0 1 3
0 0 0 0
0 0 0 0

Diagram n: 284
0 0 1 3
0 0 2 0
0 0 0 3
0 0 0 0

Diagram n: 285
0 0 1 5
0 0 1 1
0 0 0 0
0 0 0 0

Diagram n: 286
0 0 1 5
0 0 2 0
0 0 0 1
0 0 0 0

Diagram n: 287
0 0 2 0
0 0 0 2
0 0 0 4
0 0 0 0

Diagram n: 288
0 0 2 0
0 0 1 1
0 0 0 3
0 0 0 0

Diagram n: 289
0 0 2 0
0 0 2 0
0 0 0 2
0 0 0 0

Diagram n: 290
0 0 2 0
0 0 3 1
0 0 0 1
0 0 0 0

Diagram n: 291
0 0 2 2
0 0 0 2
0 0 0 2
0 0 0 0

Diagram n: 292
0 0 2 2
0 0 0 4
0 0 0 0
0 0 0 0

Diagram n: 293
0 0 2 2
0 0 1 1
0 0 0 3
0 0 0 0

Diagram n: 294
0 0 2 2
0 0 2 0
0 0 0 2
0 0 0 0

Diagram n: 295
0 0 2 4
0 0 0 2
0 0 0 0
0 0 0 0

Diagram n: 296
0 0 2 4
0 0 1 1
0 0 0 1
0 0 0 0

Diagram n: 297
0 0 2 4
0 0 2 0
0 0 0 0
0 0 0 0

Diagram n: 298
0 0 2 4
0 0 2 0
0 0 0 2
0 0 0 0

Diagram n: 299
0 0 3 1
0 0 0 2
0 0 0 3
0 0 0 0

Diagram n: 300
0 0 3 1
0 0 1 1
0 0 0 2
0 0 0 0

Diagram n: 301
0 0 3 1
0 0 2 0
0 0 0 1
0 0 0 0

Diagram n: 302
0 0 3 3
0 0 0 2
0 0 0 1
0 0 0 0

Diagram n: 303
0 0 3 3
0 0 1 1
0 0 0 0
0 0 0 0

Diagram n: 304
0 0 3 3
0 0 1 1
0 0 0 2
0 0 0 0

Diagram n: 305
0 0 3 3
0 0 2 0
0 0 0 1
0 0 0 0

Diagram n: 306
0 0 4 0
0 0 0 2
0 0 0 2
0 0 0 0

Diagram n: 307
0 0 4 0
0 0 1 1
0 0 0 1
0 0 0 0

Diagram n: 308
0 0 4 2
0 0 0 2
0 0 0 2
0 0 0 0

Diagram n: 309
0 0 4 2
0 0 1 1
0 0 0 1
0 0 0 0

Diagram n: 310
0 0 5 1
0 0 0 2
0 0 0 1
0 0 0 0

Diagram n: 311
0 1 0 1
0 0 1 0
0 0 0 5
0 0 0 0

Diagram n: 312
0 1 0 1
0 0 1 4
0 0 0 1
0 0 0 0

Diagram n: 313
0 1 0 1
0 0 2 3
0 0 0 0
0 0 0 0

Diagram n: 314
0 1 0 1
0 0 4 1
0 0 0 0
0 0 0 0

Diagram n: 315
0 1 0 1
0 0 5 0
0 0 0 1
0 0 0 0

Diagram n: 316
0 1 0 3
0 0 1 0
0 0 0 3
0 0 0 0

Diagram n: 317
0 1 0 3
0 0 1 2
0 0 0 1
0 0 0 0

Diagram n: 318
0 1 0 3
0 0 2 3
0 0 0 0
0 0 0 0

Diagram n: 319
0 1 0 5
0 0 1 0
0 0 0 1
0 0 0 0

Diagram n: 320
0 1 0 5
0 0 2 1
0 0 0 0
0 0 0 0

Diagram n: 321
0 1 1 0
0 0 0 1
0 0 0 5
0 0 0 0

Diagram n: 322
0 1 1 0
0 0 1 0
0 0 0 4
0 0 0 0

Diagram n: 323
0 1 1 0
0 0 3 0
0 0 0 2
0 0 0 0

Diagram n: 324
0 1 1 0
0 0 4 1
0 0 0 1
0 0 0 0

Diagram n: 325
0 1 1 2
0 0 0 1
0 0 0 3
0 0 0 0

Diagram n: 326
0 1 1 2
0 0 1 0
0 0 0 4
0 0 0 0

Diagram n: 327
0 1 1 2
0 0 1 4
0 0 0 0
0 0 0 0

Diagram n: 328
0 1 1 2
0 0 5 0
0 0 0 0
0 0 0 0

Diagram n: 329
0 1 1 4
0 0 0 1
0 0 0 1
0 0 0 0

Diagram n: 330
0 1 1 4
0 0 1 0
0 0 0 0
0 0 0 0

Diagram n: 331
0 1 1 4
0 0 1 0
0 0 0 2
0 0 0 0

Diagram n: 332
0 1 1 4
0 0 1 2
0 0 0 0
0 0 0 0

Diagram n: 333
0 1 2 1
0 0 0 1
0 0 0 4
0 0 0 0

Diagram n: 334
0 1 2 1
0 0 1 0
0 0 0 3
0 0 0 0

Diagram n: 335
0 1 2 1
0 0 3 0
0 0 0 1
0 0 0 0

Diagram n: 336
0 1 2 3
0 0 0 1
0 0 0 0
0 0 0 0

Diagram n: 337
0 1 2 3
0 0 0 1
0 0 0 2
0 0 0 0

Diagram n: 338
0 1 2 3
0 0 0 3
0 0 0 0
0 0 0 0

Diagram n: 339
0 1 2 3
0 0 1 0
0 0 0 1
0 0 0 0

Diagram n: 340
0 1 2 3
0 0 1 0
0 0 0 3
0 0 0 0

Diagram n: 341
0 1 3 0
0 0 0 1
0 0 0 3
0 0 0 0

Diagram n: 342
0 1 3 0
0 0 1 0
0 0 0 2
0 0 0 0

Diagram n: 343
0 1 3 0
0 0 2 1
0 0 0 1
0 0 0 0

Diagram n: 344
0 1 3 2
0 0 0 1
0 0 0 1
0 0 0 0

Diagram n: 345
0 1 3 2
0 0 0 1
0 0 0 3
0 0 0 0

Diagram n: 346
0 1 3 2
0 0 1 0
0 0 0 2
0 0 0 0

Diagram n: 347
0 1 4 1
0 0 0 1
0 0 0 2
0 0 0 0

Diagram n: 348
0 1 4 1
0 0 1 0
0 0 0 1
0 0 0 0

Diagram n: 349
0 1 5 0
0 0 0 1
0 0 0 1
0 0 0 0

Diagram n: 350
0 2 0 0
0 0 1 3
0 0 0 1
0 0 0 0

Diagram n: 351
0 2 0 0
0 0 2 2
0 0 0 0
0 0 0 0

Diagram n: 352
0 2 0 0
0 0 3 1
0 0 0 1
0 0 0 0

Diagram n: 353
0 2 0 0
0 0 4 0
0 0 0 2
0 0 0 0

Diagram n: 354
0 2 0 2
0 0 1 3
0 0 0 1
0 0 0 0

Diagram n: 355
0 2 0 2
0 0 2 2
0 0 0 0
0 0 0 0

Diagram n: 356
0 2 0 2
0 0 4 0
0 0 0 0
0 0 0 0

Diagram n: 357
0 2 0 4
0 0 1 1
0 0 0 1
0 0 0 0

Diagram n: 358
0 2 0 4
0 0 2 0
0 0 0 0
0 0 0 0

Diagram n: 359
0 2 0 4
0 0 2 2
0 0 0 0
0 0 0 0

Diagram n: 360
0 2 1 1
0 0 1 3
0 0 0 0
0 0 0 0

Diagram n: 361
0 2 1 1
0 0 4 0
0 0 0 1
0 0 0 0

Diagram n: 362
0 2 1 3
0 0 1 1
0 0 0 0
0 0 0 0

Diagram n: 363
0 2 1 3
0 0 1 3
0 0 0 0
0 0 0 0

Diagram n: 364
0 2 2 0
0 0 2 0
0 0 0 2
0 0 0 0

Diagram n: 365
0 2 2 0
0 0 3 1
0 0 0 1
0 0 0 0

Diagram n: 366
0 2 2 2
0 0 0 0
0 0 0 0
0 0 0 0

Diagram n: 367
0 2 2 2
0 0 0 0
0 0 0 2
0 0 0 0

Diagram n: 368
0 2 2 2
0 0 0 0
0 0 0 4
0 0 0 0

Diagram n: 369
0 2 3 1
0 0 0 0
0 0 0 1
0 0 0 0

Diagram n: 370
0 2 3 1
0 0 0 0
0 0 0 3
0 0 0 0

Diagram n: 371
0 2 3 1
0 0 2 0
0 0 0 1
0 0 0 0

Diagram n: 372
0 2 4 0
0 0 0 0
0 0 0 2
0 0 0 0

Diagram n: 373
0 2 4 0
0 0 1 1
0 0 0 1
0 0 0 0

Diagram n: 374
0 3 0 1
0 0 1 2
0 0 0 1
0 0 0 0

Diagram n: 375
0 3 0 1
0 0 2 1
0 0 0 0
0 0 0 0

Diagram n: 376
0 3 0 1
0 0 3 0
0 0 0 1
0 0 0 0

Diagram n: 377
0 3 0 3
0 0 1 0
0 0 0 1
0 0 0 0

Diagram n: 378
0 3 0 3
0 0 1 2
0 0 0 1
0 0 0 0

Diagram n: 379
0 3 0 3
0 0 2 1
0 0 0 0
0 0 0 0

Diagram n: 380
0 3 1 0
0 0 2 1
0 0 0 1
0 0 0 0

Diagram n: 381
0 3 1 0
0 0 3 0
0 0 0 2
0 0 0 0

Diagram n: 382
0 3 1 2
0 0 1 2
0 0 0 0
0 0 0 0

Diagram n: 383
0 3 2 1
0 0 1 0
0 0 0 1
0 0 0 0

Diagram n: 384
0 3 2 1
0 0 3 0
0 0 0 1
0 0 0 0

Diagram n: 385
0 3 3 0
0 0 0 1
0 0 0 1
0 0 0 0

Diagram n: 386
0 3 3 0
0 0 1 0
0 0 0 2
0 0 0 0

Diagram n: 387
0 3 3 0
0 0 2 1
0 0 0 1
0 0 0 0

Diagram n: 388
0 4 0 0
0 0 1 1
0 0 0 1
0 0 0 0

Diagram n: 389
0 4 0 0
0 0 2 0
0 0 0 2
0 0 0 0

Diagram n: 390
0 4 0 2
0 0 1 1
0 0 0 1
0 0 0 0

Diagram n: 391
0 4 1 1
0 0 1 1
0 0 0 0
0 0 0 0

Diagram n: 392
0 4 1 1
0 0 2 0
0 0 0 1
0 0 0 0

Diagram n: 393
0 4 2 0
0 0 1 1
0 0 0 1
0 0 0 0

Diagram n: 394
0 4 2 0
0 0 2 0
0 0 0 2
0 0 0 0

Diagram n: 395
0 5 0 1
0 0 1 0
0 0 0 1
0 0 0 0

Diagram n: 396
0 5 1 0
0 0 1 0
0 0 0 2
0 0 0 0

