Diagram n: 1
0 0 0 0
0 0 2 0
0 0 0 0
0 0 0 0

Diagram n: 2
0 0 0 0
0 0 2 0
0 0 0 0
0 0 0 0

Diagram n: 3
0 0 0 0
0 0 1 1
0 0 0 1
0 0 0 0

Diagram n: 4
0 0 0 0
0 0 1 1
0 0 0 1
0 0 0 0

Diagram n: 5
0 1 0 0
0 0 1 0
0 0 0 1
0 0 0 0

Diagram n: 6
0 0 1 0
0 0 1 1
0 0 0 0
0 0 0 0

Diagram n: 7
0 1 0 0
0 0 1 0
0 0 0 1
0 0 0 0

Diagram n: 8
0 0 1 0
0 0 1 1
0 0 0 0
0 0 0 0

Diagram n: 9
0 1 1 0
0 0 1 0
0 0 0 0
0 0 0 0

Diagram n: 10
0 1 1 0
0 0 1 0
0 0 0 0
0 0 0 0

Diagram n: 11
0 0 0 0
0 0 4 0
0 0 0 0
0 0 0 0

Diagram n: 12
0 0 0 0
0 0 4 0
0 0 0 0
0 0 0 0

Diagram n: 13
0 0 0 0
0 0 2 2
0 0 0 0
0 0 0 0

Diagram n: 14
0 0 0 0
0 0 3 1
0 0 0 1
0 0 0 0

Diagram n: 15
0 0 0 0
0 0 2 0
0 0 0 2
0 0 0 0

Diagram n: 16
0 0 0 0
0 0 2 2
0 0 0 0
0 0 0 0

Diagram n: 17
0 0 0 0
0 0 3 1
0 0 0 1
0 0 0 0

Diagram n: 18
0 0 0 0
0 0 2 0
0 0 0 2
0 0 0 0

Diagram n: 19
0 0 0 0
0 0 1 3
0 0 0 1
0 0 0 0

Diagram n: 20
0 0 0 0
0 0 2 2
0 0 0 2
0 0 0 0

Diagram n: 21
0 0 0 0
0 0 1 1
0 0 0 3
0 0 0 0

Diagram n: 22
0 0 0 0
0 0 1 3
0 0 0 1
0 0 0 0

Diagram n: 23
0 0 0 0
0 0 2 2
0 0 0 2
0 0 0 0

Diagram n: 24
0 0 0 0
0 0 1 1
0 0 0 3
0 0 0 0

Diagram n: 25
0 1 0 0
0 0 2 1
0 0 0 0
0 0 0 0

Diagram n: 26
0 1 0 0
0 0 3 0
0 0 0 1
0 0 0 0

Diagram n: 27
0 0 1 0
0 0 3 1
0 0 0 0
0 0 0 0

Diagram n: 28
0 0 1 0
0 0 2 0
0 0 0 1
0 0 0 0

Diagram n: 29
0 1 0 0
0 0 2 1
0 0 0 0
0 0 0 0

Diagram n: 30
0 1 0 0
0 0 3 0
0 0 0 1
0 0 0 0

Diagram n: 31
0 0 1 0
0 0 3 1
0 0 0 0
0 0 0 0

Diagram n: 32
0 0 1 0
0 0 2 0
0 0 0 1
0 0 0 0

Diagram n: 33
0 1 0 0
0 0 1 2
0 0 0 1
0 0 0 0

Diagram n: 34
0 1 0 0
0 0 2 1
0 0 0 2
0 0 0 0

Diagram n: 35
0 1 0 0
0 0 1 0
0 0 0 3
0 0 0 0

Diagram n: 36
0 0 1 0
0 0 1 3
0 0 0 0
0 0 0 0

Diagram n: 37
0 0 1 0
0 0 2 2
0 0 0 1
0 0 0 0

Diagram n: 38
0 0 1 0
0 0 1 1
0 0 0 2
0 0 0 0

Diagram n: 39
0 1 0 0
0 0 1 2
0 0 0 1
0 0 0 0

Diagram n: 40
0 1 0 0
0 0 2 1
0 0 0 2
0 0 0 0

Diagram n: 41
0 1 0 0
0 0 1 0
0 0 0 3
0 0 0 0

Diagram n: 42
0 0 1 0
0 0 1 3
0 0 0 0
0 0 0 0

Diagram n: 43
0 0 1 0
0 0 2 2
0 0 0 1
0 0 0 0

Diagram n: 44
0 0 1 0
0 0 1 1
0 0 0 2
0 0 0 0

Diagram n: 45
0 2 0 0
0 0 2 0
0 0 0 0
0 0 0 0

Diagram n: 46
0 1 1 0
0 0 3 0
0 0 0 0
0 0 0 0

Diagram n: 47
0 0 2 0
0 0 2 0
0 0 0 0
0 0 0 0

Diagram n: 48
0 2 0 0
0 0 2 0
0 0 0 0
0 0 0 0

Diagram n: 49
0 1 1 0
0 0 3 0
0 0 0 0
0 0 0 0

Diagram n: 50
0 0 2 0
0 0 2 0
0 0 0 0
0 0 0 0

Diagram n: 51
0 2 0 0
0 0 1 1
0 0 0 1
0 0 0 0

Diagram n: 52
0 2 0 0
0 0 2 0
0 0 0 2
0 0 0 0

Diagram n: 53
0 1 1 0
0 0 1 2
0 0 0 0
0 0 0 0

Diagram n: 54
0 1 1 0
0 0 2 1
0 0 0 1
0 0 0 0

Diagram n: 55
0 1 1 0
0 0 1 0
0 0 0 2
0 0 0 0

Diagram n: 56
0 0 2 0
0 0 2 2
0 0 0 0
0 0 0 0

Diagram n: 57
0 0 2 0
0 0 1 1
0 0 0 1
0 0 0 0

Diagram n: 58
0 2 0 0
0 0 1 1
0 0 0 1
0 0 0 0

Diagram n: 59
0 2 0 0
0 0 2 0
0 0 0 2
0 0 0 0

Diagram n: 60
0 1 1 0
0 0 1 2
0 0 0 0
0 0 0 0

Diagram n: 61
0 1 1 0
0 0 2 1
0 0 0 1
0 0 0 0

Diagram n: 62
0 1 1 0
0 0 1 0
0 0 0 2
0 0 0 0

Diagram n: 63
0 0 2 0
0 0 2 2
0 0 0 0
0 0 0 0

Diagram n: 64
0 0 2 0
0 0 1 1
0 0 0 1
0 0 0 0

Diagram n: 65
0 3 0 0
0 0 1 0
0 0 0 1
0 0 0 0

Diagram n: 66
0 2 1 0
0 0 1 1
0 0 0 0
0 0 0 0

Diagram n: 67
0 2 1 0
0 0 2 0
0 0 0 1
0 0 0 0

Diagram n: 68
0 1 2 0
0 0 2 1
0 0 0 0
0 0 0 0

Diagram n: 69
0 1 2 0
0 0 1 0
0 0 0 1
0 0 0 0

Diagram n: 70
0 0 3 0
0 0 1 1
0 0 0 0
0 0 0 0

Diagram n: 71
0 3 0 0
0 0 1 0
0 0 0 1
0 0 0 0

Diagram n: 72
0 2 1 0
0 0 1 1
0 0 0 0
0 0 0 0

Diagram n: 73
0 2 1 0
0 0 2 0
0 0 0 1
0 0 0 0

Diagram n: 74
0 1 2 0
0 0 2 1
0 0 0 0
0 0 0 0

Diagram n: 75
0 1 2 0
0 0 1 0
0 0 0 1
0 0 0 0

Diagram n: 76
0 0 3 0
0 0 1 1
0 0 0 0
0 0 0 0

Diagram n: 77
0 3 1 0
0 0 1 0
0 0 0 0
0 0 0 0

Diagram n: 78
0 2 2 0
0 0 2 0
0 0 0 0
0 0 0 0

Diagram n: 79
0 1 3 0
0 0 1 0
0 0 0 0
0 0 0 0

Diagram n: 80
0 3 1 0
0 0 1 0
0 0 0 0
0 0 0 0

Diagram n: 81
0 2 2 0
0 0 2 0
0 0 0 0
0 0 0 0

Diagram n: 82
0 1 3 0
0 0 1 0
0 0 0 0
0 0 0 0

